3000  0.00002309
3010  0.00007197
3020  0.00008495
3030  0.00003959
3040  0.000008102
3050  0.00007032
3060  0.00003532
3070  0.00002345
3080  0.0000765
3090  0.00000001
3100  0.00000001
3110  0.000005904
3120  0.00004458
3130  0.00005381
3140  0.00009143
3150  0.00006416
3160  0.00000001
3170  0.0000646
3180  0.00000001
3190  0.000004156
3200  0.00007376
3210  0.00000001
3220  0.00003244
3230  0.00005092
3240  0.00000001
3250  0.00004686
3260  0.00000001
3270  0.00000001
3280  0.00002306
3290  0.000009229
3300  0.00000001
3310  0.00002794
3320  0.00001392
3330  0.00006553
3340  0.00005216
3350  0.00007502
3360  0.00005115
3370  0.00005951
3380  0.00004584
3390  0.00004237
3400  0.00006255
3410  0.000203
3420  0.0004442
3430  0.001584
3440  0.004586
3450  0.01274
3460  0.03059
3470  0.06911
3480  0.142
3490  0.2717
3500  0.4882
3510  0.8167
3520  1.205
3530  1.806
3540  2.609
3550  3.603
3560  4.808
3570  6.205
3580  7.809
3590  9.569
3600  11.49
3610  13.52
3620  15.68
3630  17.89
3640  20.14
3650  22.39
3660  24.67
3670  26.94
3680  29.1
3690  31.24
3700  33.36
3710  35.37
3720  37.35
3730  39.18
3740  41.04
3750  42.79
3760  44.47
3770  46.07
3780  47.6
3790  49.06
3800  50.43
3810  51.76
3820  53.03
3830  54.3
3840  55.48
3850  56.61
3860  57.62
3870  58.65
3880  59.68
3890  60.64
3900  61.5
3910  62.35
3920  63.21
3930  63.96
3940  64.6
3950  65.26
3960  65.88
3970  66.55
3980  67.04
3990  67.61
4000  68.15
4010  68.57
4020  69.05
4030  69.42
4040  69.84
4050  70.24
4060  70.62
4070  70.93
4080  71.28
4090  71.65
4100  71.92
4110  72.14
4120  72.4
4130  72.64
4140  72.85
4150  73.11
4160  73.26
4170  73.44
4180  73.6
4190  73.79
4200  73.96
4210  74.19
4220  74.28
4230  74.3
4240  74.36
4250  74.24
4260  74.3
4270  74.29
4280  74.26
4290  74.28
4300  74.21
4310  74.14
4320  74.05
4330  73.98
4340  73.86
4350  73.75
4360  73.57
4370  73.35
4380  73.29
4390  73.15
4400  73
4410  72.81
4420  72.65
4430  72.45
4440  72.23
4450  71.95
4460  71.69
4470  71.25
4480  70.86
4490  70.47
4500  70.02
4510  69.53
4520  69.19
4530  68.79
4540  68.31
4550  67.91
4560  67.38
4570  66.86
4580  66.25
4590  65.63
4600  64.96
4610  64.27
4620  63.48
4630  62.68
4640  61.77
4650  60.76
4660  59.7
4670  58.59
4680  57.37
4690  56.08
4700  54.7
4710  53.31
4720  51.86
4730  50.41
4740  49
4750  47.51
4760  46.04
4770  44.53
4780  43
4790  41.45
4800  39.96
4810  38.41
4820  36.85
4830  35.3
4840  33.77
4850  32.29
4860  30.82
4870  29.4
4880  28.04
4890  26.68
4900  25.41
4910  24.21
4920  23.05
4930  21.95
4940  20.93
4950  19.97
4960  19.08
4970  18.26
4980  17.48
4990  16.7
5000  15.93
5010  15.15
5020  14.36
5030  13.52
5040  12.65
5050  11.82
5060  10.97
5070  10.18
5080  9.419
5090  8.74
5100  8.112
5110  7.519
5120  6.981
5130  6.479
5140  6.006
5150  5.546
5160  5.109
5170  4.698
5180  4.299
5190  3.925
5200  3.561
5210  3.236
5220  2.929
5230  2.641
5240  2.378
5250  2.142
5260  1.93
5270  1.74
5280  1.578
5290  1.434
5300  1.305
5310  1.199
5320  1.105
5330  1.029
5340  0.965
5350  0.9833
5360  0.9333
5370  0.8942
5380  0.8637
5390  0.8393
5400  0.8217
5410  0.8108
5420  0.8079
5430  0.8114
5440  0.8199
5450  0.8384
5460  0.8633
5470  0.8966
5480  0.9387
5490  0.9866
5500  0.9599
5510  1.019
5520  1.084
5530  1.146
5540  1.207
5550  1.271
5560  1.325
5570  1.365
5580  1.391
5590  1.413
5600  1.416
5610  1.405
5620  1.372
5630  1.341
5640  1.291
5650  1.228
5660  1.159
5670  1.088
5680  1.001
5690  0.9228
5700  0.9117
5710  0.8168
5720  0.7241
5730  0.6358
5740  0.5544
5750  0.4763
5760  0.4055
5770  0.3424
5780  0.2854
5790  0.2361
5800  0.1937
5810  0.158
5820  0.1282
5830  0.1038
5840  0.08405
5850  0.06847
5860  0.05577
5870  0.04623
5880  0.03881
5890  0.03332
5900  0.02889
5910  0.02567
5920  0.02327
5930  0.02164
5940  0.02028
5950  0.01955
5960  0.01885
5970  0.01836
5980  0.01808
5990  0.01793
6000  0.01768
6010  0.01752
6020  0.01724
6030  0.01689
6040  0.01661
6050  0.01618
6060  0.01572
6070  0.01514
6080  0.01465
6090  0.01407
6100  0.01349
6110  0.01299
6120  0.01233
6130  0.01178
6140  0.01109
6150  0.01046
6160  0.009928
6170  0.009365
6180  0.008757
6190  0.008149
6200  0.007425
6210  0.006961
6220  0.006332
6230  0.005867
6240  0.005367
6250  0.004896
6260  0.004432
6270  0.003981
6280  0.003558
6290  0.003279
6300  0.002859
6310  0.002567
6320  0.002239
6330  0.002002
6340  0.00176
6350  0.001549
6360  0.001336
6370  0.001199
6380  0.00111
6390  0.0008988
6400  0.0009037
6410  0.0008561
6420  0.0006897
6430  0.0006169
6440  0.0006655
6450  0.0005434
6460  0.0004845
6470  0.0004901
6480  0.0004845
6490  0.0004201
6500  0.0004096
6510  0.0003632
6520  0.0003719
6530  0.0002974
6540  0.0003798
6550  0.0002954
6560  0.0003552
6570  0.0003101
6580  0.0002999
6590  0.000321
6600  0.0003035
6610  0.0003561
6620  0.0003048
6630  0.0003439
6640  0.0003925
6650  0.0003316
6660  0.0003692
6670  0.0003572
6680  0.0003937
6690  0.0003875
6700  0.0004227
6710  0.0004153
6720  0.0004839
6730  0.0004419
6740  0.0005024
6750  0.0005227
6760  0.0004862
6770  0.0005153
6780  0.0005482
6790  0.0005405
6800  0.0005659
6810  0.0005682
6820  0.0005876
6830  0.000622
6840  0.0005892
6850  0.0006011
6860  0.0006285
6870  0.0006338
6880  0.0005776
6890  0.0005358
6900  0.0005237
6910  0.0005315
6920  0.0005267
6930  0.0005085
6940  0.0004668
6950  0.0004488
6960  0.0004015
6970  0.0003703
6980  0.0003605
6990  0.0003213
7000  0.0002673
7010  0.0002484
7020  0.000252
7030  0.0002433
7040  0.000193
7050  0.0001956
7060  0.000152
7070  0.0001397
7080  0.0001526
7090  0.0001217
7100  0.00009552
7110  0.00008729
7120  0.00006922
7130  0.0000794
7140  0.00009017
7150  0.00005912
7160  0.0000225
7170  0.00004107
7180  0.00003161
7190  0.00006954
7200  0.0000001574
7210  0.00000001
7220  0.00001778
7230  0.000008052
7240  0.00003278
7250  0.0000004571
7260  0.00003188
7270  0.000008698
7280  0.000008297
7290  0.000007822
7300  0.00001893
7310  0.00000001
7320  0.00000001
7330  0.000008504
7340  0.00000336
7350  0.00002841
7360  0.00000001
7370  0.00000001
7380  0.00000001
7390  0.000008359
7400  0.000003218
7410  0.00003359
7420  0.00000001
7430  0.000004318
7440  0.00000001
7450  0.00001763
7460  0.00003663
7470  0.00000001
7480  0.00000001
7490  0.00000417
7500  0.00000001
7510  0.000003242
7520  0.00001988
7530  0.00000001
7540  0.00000001
7550  0.00000001
7560  0.00000347
7570  0.00001975
7580  0.000005166
7590  0.00000001
7600  0.00001336
7610  0.00000001
7620  0.00000001
7630  0.00003827
7640  0.0000185
7650  0.00001831
7660  0.00000001
7670  0.000003409
7680  0.00000001
7690  0.00003012
7700  0.000004755
7710  0.00003217
7720  0.000003765
7730  0.00002723
7740  0.00002747
7750  0.000009553
7760  0.00000001
7770  0.00000001
7780  0.000008171
7790  0.00001337
7800  0.00000001
7810  0.00000001
7820  0.00000001
7830  0.000008394
7840  0.00001276
7850  0.00005195
7860  0.00001395
7870  0.00001831
7880  0.00000001
7890  0.00001287
7900  0.00001114
7910  0.00000001
7920  0.00000001
7930  0.00000001
7940  0.00002742
7950  0.00000001
7960  0.00000001
7970  0.00000001
7980  0.00001672
7990  0.00000001
8000  0.00000001
8010  0.00000001
8020  0.00006221
8030  0.00000001
8040  0.00000001
8050  0.00000001
8060  0.00001331
8070  0.00000001
8080  0.00000001
8090  0.00004172
8100  0.00003399
8110  0.00000001
8120  0.00001821
8130  0.00000001
8140  0.00000001
8150  0.00002979
8160  0.00004588
8170  0.00001828
8180  0.00000001
8190  0.00000001
8200  0.00007428
8210  0.00002299
8220  0.00004108
8230  0.00000001
8240  0.00003722
8250  0.00000001
8260  0.00002241
8270  0.00000001
8280  0.00000001
8290  0.00002685
8300  0.00000001
8310  0.00008059
8320  0.00001222
8330  0.00000001
8340  0.00003851
8350  0.00001834
8360  0.00000001
8370  0.00000001
8380  0.00003976
8390  0.00001156
8400  0.00000001
8410  0.00001532
8420  0.0001368
8430  0.00000001
8440  0.00005347
8450  0.00000001
8460  0.00003465
8470  0.00000001
8480  0.00007344
8490  0.0001139
8500  0.00008806
8510  0.00002552
8520  0.00000001
8530  0.00003296
8540  0.00000001
8550  0.0001048
8560  0.00003002
8570  0.0001769
8580  0.00007876
8590  0.0003157
8600  0.00000001
8610  0.00000001
8620  0.00000001
8630  0.00000001
8640  0.00000001
8650  0.00000001
8660  0.0001422
8680  0.06944
8700  0.03494
8720  0.0282
8740  0.02737
8760  0.01974
8780  0.03295
8800  0.0275
8820  0.02631
8840  0.0232
8860  0.02717
8880  0.006285
8900  0.04004
8920  0.02065
8940  0.02836
8960  0.003571
8980  0.02575
9000  0.01955
9020  0.01511
9040  0.01782
9060  0.01827
9080  0.009848
9100  0.01146
9120  0.0188
9140  0.01616
9160  0.01001
9180  0.01309
9200  0.01087
9220  0.01203
9240  0.009938
9260  0.01256
9280  0.01139
9300  0.01383
9320  0.0127
9340  0.0123
9360  0.009297
9380  0.01086
9400  0.01106
9420  0.01018
9440  0.002279
9460  0.008452
9480  0.007066
9500  0.006869
9520  0.008719
9540  0.009464
9560  0.006702
9580  0.00793
9600  0.009084
9620  0.003256
9640  0.008107
9660  0.004777
9680  0.005055
9700  0.00739
9720  0.006819
9740  0.004688
9760  0.006215
9780  0.005717
9800  0.004432
9820  0.01011
9840  0.007274
9860  0.007126
9880  0.00769
9900  0.005717
9920  0.002049
9940  0.007141
9960  0.007986
9980  0.004822
10000  0.007625
10020  0.006819
10040  0.004788
10060  0.006534
10080  0.003055
10100  0.003878
10120  0.003491
10140  0.006038
10160  0.005629
10180  0.003001
10200  0.006274
10220  0.0026
10240  0.00445
10260  0.004103
10280  0.005632
10300  0.002404
10320  0.00184
10340  0.003595
10360  0.002275
10380  0.004502
10400  0.00444
10420  0.005864
10440  0.002373
10460  0.003796
10480  0.004705
10500  0.002032
10520  0.002243
10540  0.002214
10560  0.002883
10580  0.001925
10600  0.003963
10620  0.004617
10640  0.003667
10660  0.004982
10680  0.00338
10700  0.004017
10720  0.003097
10740  0.002852
10760  0.003928
10780  0.003246
10800  0.005388
10820  0.001903
10840  0.002318
10860  0.003795
10880  0.003135
10900  0.003329
10920  0.004361
10940  0.003923
10960  0.005157
10980  0.001381
11000  0.002833