6500.0  0.0066
6500.5  -0.0021
6510.0  0.0153
6510.5  0.0069
6520.0  -0.0227
6520.5  -0.0063
6530.0  0.0031
6530.5  0.0069
6540.0  0.0025
6540.5  0.0065
6550.0  0.0275
6550.5  0.0317
6560.0  0.0360
6560.5  0.0234
6570.0  0.0437
6570.5  -0.0136
6580.0  -0.0183
6580.5  -0.0443
6590.0  0.0153
6590.5  -0.0095
6600.0  -0.0267
6600.5  0.0022
6610.0  -0.0050
6610.5  -0.0178
6620.0  0.0025
6620.5  0.0234
6630.0  -0.0091
6630.5  0.0275
6640.0  -0.0017
6640.5  0.0318
6650.0  0.0072
6650.5  0.0151
6660.0  -0.0058
6660.5  -0.0146
6670.0  -0.0049
6670.5  -0.0135
6680.0  0.0109
6680.5  0.0275
6690.0  -0.0448
6690.5  -0.0133
6700.0  0.0316
6700.5  -0.0185
6710.0  0.0064
6710.5  0.0147
6720.0  -0.0094
6720.5  -0.0057
6730.0  0.0149
6730.5  -0.0065
6740.0  0.0112
6740.5  -0.0053
6750.0  0.0233
6750.5  0.0275
6760.0  0.0063
6760.5  -0.0025
6770.0  0.0111
6770.5  -0.0015
6780.0  -0.0144
6780.5  -0.0148
6790.0  -0.0024
6790.5  -0.0115
6800.0  0.0110
6800.5  0.0108
6810.0  -0.0230
6810.5  0.0404
6820.0  0.0072
6820.5  -0.0582
6830.0  -0.0014
6830.5  -0.0226
6840.0  0.0233
6840.5  0.0148
6850.0  -0.0156
6850.5  0.0234
6860.0  -0.0176
6860.5  0.0109
6870.0  0.0317
6870.5  -0.0105
6880.0  -0.0194
6880.5  -0.0026
6890.0  0.0071
6890.5  -0.0054
6900.0  0.0151
6900.5  -0.0018
6910.0  0.0064
6910.5  0.0234
6920.0  0.0017
6920.5  0.0015
6930.0  0.0193
6930.5  0.0151
6940.0  -0.0060
6940.5  -0.0105
6950.0  -0.0023
6950.5  0.0234
6960.0  -0.0203
6960.5  0.0102
6970.0  -0.0180
6970.5  -0.0101
6980.0  -0.0019
6980.5  -0.0064
6990.0  -0.0369
6990.5  0.0235
7000.0  0.0367
7000.5  0.0102
7010.0  -0.0345
7010.5  -0.0099
7020.0  0.0151
7020.5  0.0235
7030.0  0.0364
7030.5  0.0105
7040.0  0.0367
7040.5  0.0059
7050.0  -0.0013
7050.5  0.0778
7060.0  0.0193
7060.5  0.0278
7070.0  0.0150
7070.5  0.0366
7080.0  0.0585
7080.5  0.0676
7090.0  0.0813
7090.5  0.0818
7100.0  0.1159
7100.5  0.0955
7110.0  0.1428
7110.5  0.1568
7120.0  0.2231
7120.5  0.2553
7130.0  0.2794
7130.5  0.3621
7140.0  0.4558
7140.5  0.5437
7150.0  0.6494
7150.5  0.7954
7160.0  0.9615
7160.5  1.2078
7170.0  1.5590
7170.5  1.9468
7180.0  2.4564
7180.5  3.1101
7190.0  3.9862
7190.5  5.0888
7200.0  6.5231
7200.5  8.4333
7210.0  10.8899
7210.5  13.8669
7220.0  17.5895
7220.5  22.3550
7230.0  27.6750
7230.5  34.0823
7240.0  41.0431
7240.5  48.1072
7250.0  55.0495
7250.5  61.2999
7260.0  66.8956
7260.5  71.4804
7270.0  74.9066
7270.5  77.7338
7280.0  79.4583
7280.5  80.7635
7290.0  81.6629
7290.5  82.2278
7300.0  82.7998
7300.5  83.0084
7310.0  83.3709
7310.5  83.7457
7320.0  83.9595
7320.5  84.2527
7330.0  84.4964
7330.5  84.7112
7340.0  85.0096
7340.5  85.1542
7350.0  85.4030
7350.5  85.6405
7360.0  85.8553
7360.5  86.1827
7370.0  86.4212
7370.5  86.6318
7380.0  87.0459
7380.5  87.4290
7390.0  87.8803
7390.5  88.3511
7400.0  88.7322
7400.5  89.1349
7410.0  89.6708
7410.5  90.1634
7420.0  90.6280
7420.5  91.2094
7430.0  91.5409
7430.5  92.1067
7440.0  92.2957
7440.5  92.7036
7450.0  92.7242
7450.5  92.9019
7460.0  92.8399
7460.5  92.7656
7470.0  92.6788
7470.5  92.3608
7480.0  91.9343
7480.5  91.6317
7490.0  90.9988
7490.5  90.3400
7500.0  89.6997
7500.5  89.0358
7510.0  88.3222
7510.5  87.6820
7520.0  86.7909
7520.5  86.2529
7530.0  85.4371
7530.5  84.6833
7540.0  84.2062
7540.5  83.3998
7550.0  82.7627
7550.5  82.4126
7560.0  81.6908
7560.5  81.4977
7570.0  81.1662
7570.5  80.7233
7580.0  80.6303
7580.5  80.5549
7590.0  80.3546
7590.5  80.3061
7600.0  80.0624
7600.5  80.2410
7610.0  80.4259
7610.5  80.5487
7620.0  80.9122
7620.5  81.1136
7630.0  81.3056
7630.5  81.6041
7640.0  81.8901
7640.5  82.2102
7650.0  82.6429
7650.5  82.9217
7660.0  83.3822
7660.5  83.8851
7670.0  84.1412
7670.5  84.6183
7680.0  84.9487
7680.5  85.2833
7690.0  85.5301
7690.5  85.8450
7700.0  86.1548
7700.5  86.6298
7710.0  86.7496
7710.5  87.0810
7720.0  87.4838
7720.5  87.4858
7730.0  87.8534
7730.5  87.9639
7740.0  88.1064
7740.5  88.3842
7750.0  88.5979
7750.5  88.8045
7760.0  88.8416
7760.5  88.9872
7770.0  89.3156
7770.5  89.2764
7780.0  89.3714
7780.5  89.5066
7790.0  89.6615
7790.5  89.8422
7800.0  90.1107
7800.5  89.9063
7810.0  90.2336
7810.5  90.2480
7820.0  90.2212
7820.5  90.3926
7830.0  90.4071
7830.5  90.2460
7840.0  90.4763
7840.5  90.1179
7850.0  90.1355
7850.5  90.2708
7860.0  90.0632
7860.5  89.9279
7870.0  89.6481
7870.5  89.4467
7880.0  89.1700
7880.5  88.9160
7890.0  88.3656
7890.5  88.1570
7900.0  87.6975
7900.5  87.3247
7910.0  86.8239
7910.5  86.3407
7920.0  85.9751
7920.5  85.5270
7930.0  84.9095
7930.5  84.2744
7940.0  83.7354
7940.5  83.2366
7950.0  82.5468
7950.5  82.0161
7960.0  81.5018
7960.5  81.0888
7970.0  80.4940
7970.5  79.9385
7980.0  79.5327
7980.5  79.0422
7990.0  78.5434
7990.5  78.2047
8000.0  78.3359
8000.5  77.2093
8010.0  77.4953
8010.5  76.4028
8020.0  76.9470
8020.5  76.2448
8030.0  76.2035
8030.5  76.3150
8040.0  77.0688
8040.5  75.2546
8050.0  76.9883
8050.5  75.7130
8060.0  75.7306
8060.5  75.9671
8070.0  75.3165
8070.5  75.9722
8080.0  76.3667
8080.5  75.8793
8090.0  75.9030
8090.5  76.8871
8100.0  76.9212
8100.5  76.6620
8110.0  77.0988
8110.5  77.0967
8120.0  76.8644
8120.5  77.7411
8130.0  77.7855
8130.5  77.4788
8140.0  78.3049
8140.5  79.3674
8150.0  78.7252
8150.5  78.8718
8160.0  79.1444
8160.5  79.2002
8170.0  80.2162
8170.5  79.9932
8180.0  80.8069
8180.5  80.9876
8190.0  81.5184
8190.5  81.6908
8200.0  81.7362
8200.5  82.3228
8210.0  82.1204
8210.5  82.1410
8220.0  83.7178
8220.5  83.0167
8230.0  82.7792
8230.5  83.2046
8240.0  83.9233
8240.5  84.1040
8250.0  83.9977
8250.5  84.9218
8260.0  84.6183
8260.5  84.5945
8270.0  84.7091
8270.5  85.9607
8280.0  85.0798
8280.5  84.4407
8290.0  85.9286
8290.5  86.2271
8300.0  87.1471
8300.5  86.3489
8310.0  86.7021
8310.5  86.7021
8320.0  86.9767
8320.5  86.4078
8330.0  87.3877
8330.5  87.2731
8340.0  87.5777
8340.5  88.4100
8350.0  87.1905
8350.5  88.8840
8360.0  88.5019
8360.5  88.7415
8370.0  88.6960
8370.5  88.7807
8380.0  89.2578
8380.5  88.7280
8390.0  89.0027
8390.5  88.9470
8400.0  89.1989
8400.5  88.8974
8410.0  89.4137
8410.5  89.7989
8420.0  89.9445
8420.5  89.9796
8430.0  89.7493
8430.5  89.9217
8440.0  89.5232
8440.5  89.5428
8450.0  89.6894
8450.5  89.4798
8460.0  89.4870
8460.5  89.6419
8470.0  89.3765
8470.5  89.5252
8480.0  89.2588
8480.5  89.2103
8490.0  90.2863
8490.5  90.3823
8500.0  89.6388
8500.5  90.0787
8510.0  90.2718
8510.5  90.4473
8520.0  91.0050
8520.5  91.4552
8530.0  90.9378
8530.5  92.0489
8540.0  92.0200
8540.5  92.8998
8550.0  92.9266
8550.5  93.1363
8560.0  93.3696
8560.5  93.7496
8570.0  94.6005
8570.5  94.3929
8580.0  94.4714
8580.5  94.7905
8590.0  94.8855
8590.5  94.7502
8600.0  95.6486
8600.5  95.4152
8610.0  94.9051
8610.5  94.8556
8620.0  94.7575
8620.5  94.1534
8630.0  93.9541
8630.5  92.7377
8640.0  92.1956
8640.5  91.1371
8650.0  89.9858
8650.5  88.5029
8660.0  87.2235
8660.5  86.0608
8670.0  84.5408
8670.5  82.8845
8680.0  81.3490
8680.5  79.4810
8690.0  77.5366
8690.5  75.6232
8700.0  74.2725
8700.5  72.5780
8710.0  70.8061
8710.5  69.3935
8720.0  67.9633
8720.5  66.3958
8730.0  64.9945
8730.5  64.2635
8740.0  62.6154
8740.5  61.8038
8750.0  61.2751
8750.5  60.5791
8760.0  60.1289
8760.5  60.0752
8770.0  60.1351
8770.5  59.9988
8780.0  60.6917
8780.5  61.5219
8790.0  62.3335
8790.5  63.7244
8800.0  65.3095
8800.5  67.5007
8810.0  69.8395
8810.5  72.3209
8820.0  75.4363
8820.5  78.1169
8830.0  80.5343
8830.5  82.9258
8840.0  84.6286
8840.5  85.4361
8850.0  85.0767
8850.5  83.5712
8860.0  81.0010
8860.5  76.7973
8870.0  71.5000
8870.5  65.1690
8880.0  58.1803
8880.5  51.2113
8890.0  44.4146
8890.5  37.6510
8900.0  31.3284
8900.5  26.0042
8910.0  21.6456
8910.5  17.6050
8920.0  14.5061
8920.5  11.8750
8930.0  9.5467
8930.5  7.9113
8940.0  6.7024
8940.5  5.6002
8950.0  4.7485
8950.5  3.9326
8960.0  3.2844
8960.5  2.8189
8970.0  2.4635
8970.5  2.0591
8980.0  1.7387
8980.5  1.5523
8990.0  1.3692
8990.5  1.1975
9000.0  1.0582
9000.5  0.8259
9010.0  0.7937
9010.5  0.6815
9020.0  0.6829
9020.5  0.5511
9030.0  0.5697
9030.5  0.5012
9040.0  0.3903
9040.5  0.3411
9050.0  0.4249
9050.5  0.3444
9060.0  0.3166
9060.5  0.2206
9070.0  0.2689
9070.5  0.1859
9080.0  0.1200
9080.5  0.1983
9090.0  0.1083
9090.5  0.0622
9100.0  0.0145
9100.5  0.1411
9110.0  0.0626
9110.5  0.0444
9120.0  0.0735
9120.5  0.0149
9130.0  0.0930
9130.5  0.1246
9140.0  0.0616
9140.5  -0.0181
9150.0  0.0583
9150.5  0.1061
9160.0  0.0603
9160.5  0.0464
9170.0  -0.0483
9170.5  -0.0159
9180.0  0.0458
9180.5  0.0438
9190.0  -0.0037
9190.5  0.0144
9200.0  0.0450
9200.5  0.1237
9210.0  -0.0326
9210.5  -0.0008
9220.0  -0.0173
9220.5  -0.0029
9230.0  0.0115
9230.5  0.0286
9240.0  0.0281
9240.5  -0.0007
9250.0  -0.0016
9250.5  0.1541
9260.0  0.0296
9260.5  0.0585
9270.0  -0.0500
9270.5  0.0134
9280.0  0.0591
9280.5  -0.0312
9290.0  0.1077
9290.5  0.0142
9300.0  0.0289
9300.5  -0.0497
9310.0  -0.0347
9310.5  -0.0611
9320.0  -0.0483
9320.5  0.0590
9330.0  0.0273
9330.5  0.0435
9340.0  0.0432
9340.5  -0.0024
9350.0  -0.0184
9350.5  0.0303
9360.0  -0.0476
9360.5  0.0420
9370.0  -0.0501
9370.5  -0.0169
9380.0  0.0585
9380.5  0.0290
9390.0  -0.0792
9390.5  0.0287
9400.0  0.0281
9400.5  0.0419
9410.0  -0.0495
9410.5  -0.0908
9420.0  0.0449
9420.5  0.0268
9430.0  0.0406
9430.5  0.0436
9440.0  0.0135
9440.5  0.0139
9450.0  -0.0483
9450.5  0.0583
9460.0  -0.0187
9460.5  0.0147
9470.0  0.0144
9470.5  -0.0356
9480.0  0.0096
9480.5  0.0127
9490.0  -0.0028
9490.5  0.1047
9500.0  0.0133
9500.5  -0.0169
9510.0  0.0742
9510.5  -0.0644
9520.0  -0.0343
9520.5  0.0581
9530.0  -0.0330
9530.5  0.0422
9540.0  0.0563
9540.5  -0.0177
9550.0  -0.0489
9550.5  0.0880
9560.0  -0.0789
9560.5  0.1028
9570.0  -0.0035
9570.5  0.0733
9580.0  -0.0329
9580.5  -0.0959
9590.0  -0.0350
9590.5  -0.0613
9600.0  0.0576
9600.5  -0.0619
9610.0  0.0434
9610.5  0.0436
9620.0  0.0279
9620.5  0.0416
9630.0  0.0256
9630.5  -0.0166
9640.0  -0.0329
9640.5  -0.0488
9650.0  0.0110
9650.5  -0.0623
9660.0  0.0117
9660.5  0.0423
9670.0  0.0117
9670.5  0.0420
9680.0  0.0265
9680.5  -0.0313
9690.0  -0.1240
9690.5  -0.0044
9700.0  -0.0048
9700.5  -0.0032
9710.0  -0.0186
9710.5  0.0404
9720.0  -0.0047
9720.5  0.0559
9730.0  0.1161
9730.5  -0.0042
9740.0  -0.1381
9740.5  -0.0178
9750.0  0.0718
9750.5  0.0861
9760.0  -0.0637
9760.5  0.0117
9770.0  0.0264
9770.5  -0.0471
9780.0  0.0275
9780.5  0.0256
9790.0  0.0248
9790.5  -0.0012
9800.0  0.0441
9800.5  0.0098
9810.0  0.0532
9810.5  -0.1344
9820.0  -0.0181
9820.5  0.1163
9830.0  0.0404
9830.5  0.1153
9840.0  -0.0487
9840.5  0.0565
9850.0  -0.0485
9850.5  0.0568
9860.0  -0.0485
9860.5  -0.0193
9870.0  -0.0640
9870.5  0.0121
9880.0  -0.0183
9880.5  -0.0191
9890.0  -0.0343
9890.5  0.0410
9900.0  0.0260
9900.5  0.0569
9910.0  0.0420
9910.5  -0.0621
9920.0  -0.0329
9920.5  -0.0039
9930.0  -0.0636
9930.5  0.0568
9940.0  0.0723
9940.5  -0.0052
9950.0  -0.0787
9950.5  0.0266
9960.0  0.0717
9960.5  -0.0333
9970.0  -0.0189
9970.5  -0.0175
9980.0  0.0713
9980.5  -0.0465
9990.0  0.0876
9990.5  -0.0274
10000.0  0.0296