3000.00  -.010
3010.00  -.005
3020.00  -.010
3030.00  -.010
3040.00  -.005
3050.00  -.005
3060.00  -.005
3070.00  -.010
3080.00  -.005
3090.00  -.005
3100.00  -.010
3110.00  -.005
3120.00  -.010
3130.00  -.010
3140.00  -.005
3150.00  -.005
3160.00  -.005
3170.00   .000
3180.00  -.005
3190.00  -.010
3200.00  -.005
3210.00  -.005
3220.00  -.005
3230.00  -.005
3240.00  -.005
3250.00  -.005
3260.00  -.005
3270.00  -.005
3280.00  -.005
3290.00  -.005
3300.00  -.005
3310.00  -.005
3320.00  -.005
3330.00  -.005
3340.00  -.005
3350.00  -.005
3360.00  -.005
3370.00  -.005
3380.00  -.005
3390.00  -.005
3400.00  -.005
3410.00  -.005
3420.00  -.005
3430.00  -.005
3440.00  -.005
3450.00  -.005
3460.00  -.005
3470.00  -.005
3480.00  -.005
3490.00   .000
3500.00  -.005
3510.00  -.005
3520.00  -.005
3530.00  -.005
3540.00  -.005
3550.00  -.005
3560.00  -.005
3570.00  -.005
3580.00  -.005
3590.00  -.005
3600.00  -.005
3610.00  -.005
3620.00  -.005
3630.00  -.005
3640.00  -.005
3650.00  -.005
3660.00  -.005
3670.00  -.005
3680.00  -.005
3690.00  -.005
3700.00  -.005
3710.00  -.005
3720.00  -.005
3730.00  -.005
3740.00  -.005
3750.00  -.005
3760.00  -.005
3770.00  -.005
3780.00  -.015
3790.00  -.005
3800.00  -.005
3810.00  -.005
3820.00  -.005
3830.00  -.005
3840.00  -.005
3850.00  -.005
3860.00  -.005
3870.00  -.005
3880.00  -.005
3890.00  -.005
3900.00  -.005
3910.00  -.005
3920.00  -.005
3930.00  -.005
3940.00  -.005
3950.00  -.005
3960.00  -.005
3970.00  -.005
3980.00  -.005
3990.00  -.005
4000.00  -.005
4010.00  -.005
4020.00  -.005
4030.00  -.005
4040.00  -.005
4050.00  -.005
4060.00  -.005
4070.00  -.005
4080.00  -.005
4090.00  -.005
4100.00  -.005
4110.00  -.005
4120.00  -.005
4130.00  -.005
4140.00  -.005
4150.00  -.005
4160.00  -.005
4170.00  -.005
4180.00  -.005
4190.00  -.005
4200.00  -.005
4210.00  -.005
4220.00  -.005
4230.00  -.005
4240.00  -.005
4250.00  -.005
4260.00  -.005
4270.00  -.005
4280.00  -.005
4290.00  -.005
4300.00  -.005
4310.00  -.005
4320.00  -.005
4330.00  -.005
4340.00  -.005
4350.00  -.005
4360.00  -.005
4370.00  -.005
4380.00  -.005
4390.00   .000
4400.00  -.005
4410.00  -.005
4420.00  -.005
4430.00  -.005
4440.00  -.010
4450.00  -.005
4460.00  -.005
4470.00  -.005
4480.00  -.005
4490.00  -.005
4500.00  -.005
4510.00  -.005
4520.00  -.005
4530.00  -.005
4540.00  -.005
4550.00  -.005
4560.00  -.005
4570.00  -.005
4580.00  -.005
4590.00  -.005
4600.00  -.005
4610.00  -.005
4620.00  -.005
4630.00  -.005
4640.00  -.005
4650.00  -.005
4660.00  -.005
4670.00  -.005
4680.00  -.005
4690.00  -.005
4700.00  -.005
4710.00  -.005
4720.00  -.005
4730.00  -.005
4740.00  -.005
4750.00  -.005
4760.00  -.005
4770.00  -.005
4780.00  -.005
4790.00  -.005
4800.00  -.010
4810.00  -.010
4820.00  -.005
4830.00  -.005
4840.00  -.005
4850.00  -.005
4860.00  -.005
4870.00  -.005
4880.00  -.005
4890.00  -.005
4900.00  -.005
4910.00  -.005
4920.00  -.005
4930.00  -.005
4940.00  -.005
4950.00  -.005
4960.00  -.005
4970.00  -.005
4980.00  -.005
4990.00  -.005
5000.00  -.005
5010.00  -.005
5020.00  -.005
5030.00  -.005
5040.00  -.005
5050.00  -.005
5060.00  -.005
5070.00  -.005
5080.00  -.005
5090.00  -.005
5100.00  -.005
5110.00  -.005
5120.00  -.005
5130.00  -.005
5140.00  -.005
5150.00  -.005
5160.00  -.005
5170.00  -.005
5180.00  -.005
5190.00  -.005
5200.00  -.005
5210.00  -.005
5220.00  -.005
5230.00  -.005
5240.00  -.005
5250.00  -.005
5260.00  -.005
5270.00  -.005
5280.00  -.005
5290.00  -.005
5300.00  -.005
5310.00  -.005
5320.00  -.005
5330.00  -.005
5340.00  -.005
5350.00  -.005
5360.00  -.005
5370.00  -.005
5380.00  -.005
5390.00  -.005
5400.00  -.010
5410.00  -.005
5420.00  -.005
5430.00  -.005
5440.00  -.005
5450.00  -.005
5460.00   .000
5470.00   .005
5480.00   .010
5490.00   .030
5500.00   .070
5510.00   .145
5520.00   .300
5530.00   .575
5540.00  1.070
5550.00  1.890
5560.00  3.135
5570.00  4.960
5580.00  7.410
5590.00  10.540
5600.00  14.345
5610.00  18.625
5620.00  23.215
5630.00  28.145
5640.00  33.115
5650.00  37.995
5660.00  42.685
5670.00  47.140
5680.00  51.235
5690.00  54.910
5700.00  58.230
5710.00  61.230
5720.00  63.780
5730.00  66.015
5740.00  67.985
5750.00  69.625
5760.00  71.070
5770.00  72.380
5780.00  73.420
5790.00  74.230
5800.00  75.025
5810.00  75.590
5820.00  76.065
5830.00  76.560
5840.00  76.920
5850.00  77.110
5860.00  77.370
5870.00  77.400
5880.00  77.610
5890.00  77.580
5900.00  77.570
5910.00  77.575
5920.00  77.540
5930.00  77.455
5940.00  77.375
5950.00  77.250
5960.00  77.150
5970.00  77.010
5980.00  76.755
5990.00  76.590
6000.00  76.405
6010.00  76.185
6020.00  75.960
6030.00  75.750
6040.00  75.495
6050.00  75.280
6060.00  75.000
6070.00  74.700
6080.00  74.405
6090.00  74.150
6100.00  73.835
6110.00  73.570
6120.00  73.275
6130.00  72.920
6140.00  72.510
6150.00  72.235
6160.00  71.860
6170.00  71.505
6180.00  71.200
6190.00  70.840
6200.00  70.475
6210.00  70.070
6220.00  69.675
6230.00  69.285
6240.00  68.885
6250.00  68.500
6260.00  68.110
6270.00  67.690
6280.00  67.295
6290.00  66.855
6300.00  66.455
6310.00  66.065
6320.00  65.560
6330.00  65.145
6340.00  64.730
6350.00  64.255
6360.00  63.855
6370.00  63.405
6380.00  63.015
6390.00  62.480
6400.00  62.070
6410.00  61.590
6420.00  61.165
6430.00  60.650
6440.00  60.180
6450.00  59.720
6460.00  59.280
6470.00  58.780
6480.00  58.340
6490.00  57.900
6500.00  57.445
6510.00  56.925
6520.00  56.430
6530.00  55.950
6540.00  55.540
6550.00  55.100
6560.00  54.545
6570.00  54.105
6580.00  53.640
6590.00  53.195
6600.00  52.665
6610.00  52.210
6620.00  51.685
6630.00  51.245
6640.00  50.740
6650.00  50.340
6660.00  49.815
6670.00  49.320
6680.00  48.790
6690.00  48.400
6700.00  47.880
6710.00  47.430
6720.00  46.865
6730.00  46.405
6740.00  45.930
6750.00  45.445
6760.00  44.910
6770.00  44.440
6780.00  43.885
6790.00  43.390
6800.00  42.880
6810.00  42.310
6820.00  41.775
6830.00  41.320
6840.00  40.780
6850.00  40.185
6860.00  39.740
6870.00  39.195
6880.00  38.680
6890.00  38.125
6900.00  37.650
6910.00  37.085
6920.00  36.615
6930.00  36.085
6940.00  35.585
6950.00  35.030
6960.00  34.550
6970.00  34.075
6980.00  33.570
6990.00  33.095
7000.00  32.560
7010.00  32.090
7020.00  31.585
7030.00  31.110
7040.00  30.635
7050.00  30.120
7060.00  29.655
7070.00  29.255
7080.00  28.795
7090.00  28.280
7100.00  27.810
7110.00  27.360
7120.00  26.895
7130.00  26.470
7140.00  26.035
7150.00  25.530
7160.00  25.120
7170.00  24.720
7180.00  24.285
7190.00  23.895
7200.00  23.445
7210.00  23.060
7220.00  22.610
7230.00  22.215
7240.00  21.855
7250.00  21.410
7260.00  21.010
7270.00  20.650
7280.00  20.270
7290.00  19.895
7300.00  19.520
7310.00  19.145
7320.00  18.765
7330.00  18.435
7340.00  18.025
7350.00  17.690
7360.00  17.315
7370.00  16.990
7380.00  16.665
7390.00  16.315
7400.00  15.965
7410.00  15.650
7420.00  15.345
7430.00  15.015
7440.00  14.690
7450.00  14.385
7460.00  14.085
7470.00  13.780
7480.00  13.460
7490.00  13.185
7500.00  12.865
7510.00  12.580
7520.00  12.305
7530.00  12.035
7540.00  11.730
7550.00  11.465
7560.00  11.235
7570.00  10.935
7580.00  10.660
7590.00  10.400
7600.00  10.185
7610.00  9.915
7620.00  9.705
7630.00  9.435
7640.00  9.200
7650.00  8.990
7660.00  8.760
7670.00  8.540
7680.00  8.345
7690.00  8.145
7700.00  7.910
7710.00  7.720
7720.00  7.510
7730.00  7.315
7740.00  7.135
7750.00  6.945
7760.00  6.735
7770.00  6.555
7780.00  6.420
7790.00  6.235
7800.00  6.060
7810.00  5.875
7820.00  5.745
7830.00  5.555
7840.00  5.385
7850.00  5.255
7860.00  5.140
7870.00  4.995
7880.00  4.850
7890.00  4.720
7900.00  4.550
7910.00  4.460
7920.00  4.310
7930.00  4.200
7940.00  4.075
7950.00  3.940
7960.00  3.830
7970.00  3.720
7980.00  3.610
7990.00  3.520
8000.00  3.385
8010.00  3.300
8020.00  3.170
8030.00  3.100
8040.00  3.010
8050.00  2.910
8060.00  2.820
8070.00  2.735
8080.00  2.655
8090.00  2.565
8100.00  2.495
8110.00  2.420
8120.00  2.360
8130.00  2.270
8140.00  2.185
8150.00  2.115
8160.00  2.045
8170.00  1.990
8180.00  1.930
8190.00  1.870
8200.00  1.805
8210.00  1.755
8220.00  1.705
8230.00  1.680
8240.00  1.595
8250.00  1.560
8260.00  1.490
8270.00  1.440
8280.00  1.365
8290.00  1.355
8300.00  1.310
8310.00  1.245
8320.00  1.215
8330.00  1.175
8340.00  1.145
8350.00  1.075
8360.00  1.065
8370.00  1.030
8380.00  1.010
8390.00   .945
8400.00   .920
8410.00   .885
8420.00   .865
8430.00   .830
8440.00   .805
8450.00   .765
8460.00   .745
8470.00   .710
8480.00   .705
8490.00   .685
8500.00   .650
8510.00   .645
8520.00   .590
8530.00   .580
8540.00   .570
8550.00   .530
8560.00   .540
8570.00   .515
8580.00   .480
8590.00   .470
8600.00   .425
8610.00   .540
8620.00   .475
8630.00   .395
8640.00   .425
8650.00   .425
8660.00   .390
8670.00   .355
8680.00   .370
8690.00   .350
8700.00   .300
8710.00   .330
8720.00   .385
8730.00   .185
8740.00   .295
8750.00   .295
8760.00   .255
8770.00   .240
8780.00   .340
8790.00   .250
8800.00   .200
8810.00   .210
8820.00   .200
8830.00   .200
8840.00   .180
8850.00   .160
8860.00   .160
8870.00   .210
8880.00   .270
8890.00   .155
8900.00   .165
8910.00   .145
8920.00   .105
8930.00   .265
8940.00   .165
8950.00   .130
8960.00   .125
8970.00   .135
8980.00   .150
8990.00   .180
9000.00   .095
9010.00   .115
9020.00   .105
9030.00   .045
9040.00  -.020
9050.00   .070
9060.00   .180
9070.00   .190
9080.00   .080
9090.00   .030
9100.00   .025
9110.00   .015
9120.00   .050
9130.00   .070
9140.00   .095
9150.00  -.005
9160.00   .030
9170.00   .030
9180.00   .045
9190.00   .050
9200.00  -.035
9210.00   .155
9220.00   .030
9230.00   .020
9240.00   .040
9250.00  -.005
9260.00   .005
9270.00   .000
9280.00  -.020
9290.00  -.025
9300.00   .110
9310.00  -.010
9320.00   .015
9330.00   .030
9340.00   .035
9350.00  -.070
9360.00   .035
9370.00  -.055
9380.00   .005
9390.00   .035
9400.00   .000
9410.00  -.010
9420.00  -.035
9430.00  -.020
9440.00   .005
9450.00  -.010
9460.00  -.015
9470.00  -.050
9480.00   .105
9490.00  -.005
9500.00  -.145
9510.00  -.005
9520.00  -.015
9530.00   .025
9540.00   .025
9550.00  -.010
9560.00   .025
9570.00  -.005
9580.00  -.030
9590.00  -.005
9600.00   .000
9610.00  -.010
9620.00  -.005
9630.00  -.055
9640.00   .010
9650.00  -.005
9660.00  -.065
9670.00   .000
9680.00  -.005
9690.00  -.150
9700.00  -.030
9710.00  -.035
9720.00   .020
9730.00  -.015
9740.00  -.005
9750.00   .000
9760.00   .005
9770.00   .070
9780.00   .050
9790.00   .000
9800.00  -.025
9810.00  -.030
9820.00  -.010
9830.00  -.030
9840.00  -.010
9850.00   .010
9860.00   .115
9870.00  -.085
9880.00  -.070
9890.00  -.005
9900.00  -.075
9910.00  -.060
9920.00   .035
9930.00  -.050
9940.00   .015
9950.00  -.030
9960.00  -.025
9970.00  -.045
9980.00  -.020
9990.00  -.070
10000.00  -.080
10010.00  -.010
10020.00   .025
10030.00  -.030
10040.00  -.040
10050.00   .005
10060.00  -.105
10070.00   .010
10080.00  -.015
10090.00   .040
10100.00   .020
10110.00  -.070
10120.00  -.080
10130.00  -.020
10140.00   .000
10150.00   .090
10160.00  -.025
10170.00  -.040
10180.00   .020
10190.00  -.115
10200.00   .020
10210.00   .050
10220.00  -.110
10230.00   .070
10240.00   .020
10250.00  -.060
10260.00  -.065
10270.00   .000
10280.00  -.040
10290.00  -.050
10300.00  -.050
10310.00  -.065
10320.00  -.075
10330.00  -.010
10340.00  -.040
10350.00  -.010
10360.00  -.025
10370.00   .005
10380.00   .055
10390.00  -.050
10400.00  -.020
10410.00  -.100
10420.00  -.035
10430.00  -.030
10440.00   .020
10450.00  -.025
10460.00  -.110
10470.00  -.005
10480.00  -.050
10490.00  -.045
10500.00  -.015
10510.00   .020
10520.00  -.020
10530.00  -.080
10540.00   .035
10550.00  -.035
10560.00   .060
10570.00  -.070
10580.00  -.050
10590.00   .090
10600.00  -.025
10610.00  -.160
10620.00   .090
10630.00   .020
10640.00   .050
10650.00   .010
10660.00  -.015
10670.00   .010
10680.00  -.020
10690.00  -.065
10700.00  -.115
10710.00  -.015
10720.00  -.050
10730.00  -.030
10740.00  -.075
10750.00   .015
10760.00  -.080
10770.00   .055
10780.00  -.070
10790.00   .095
10800.00  -.170
10810.00   .030
10820.00   .000
10830.00  -.055
10840.00  -.030
10850.00  -.080
10860.00  -.075
10870.00  -.010
10880.00  -.040
10890.00   .050
10900.00   .015
10910.00  -.095
10920.00  -.080
10930.00   .090
10940.00   .005
10950.00  -.030
10960.00  -.090
10970.00  -.075
10980.00   .080
10990.00  -.005
11000.00  -.040
11010.00  -.035
11020.00  -.060
11030.00   .050
11040.00   .025
11050.00  -.030
11060.00  -.005
11070.00  -.090
11080.00  -.010
11090.00  -.005
11100.00  -.015
11110.00  -.015
11120.00  -.005
11130.00  -.080
11140.00   .000
11150.00  -.100
11160.00   .000
11170.00  -.040
11180.00  -.020
11190.00  -.030
11200.00  -.015
11210.00   .000
11220.00  -.115
11230.00   .055
11240.00  -.015
11250.00  -.030
11260.00   .025
11270.00  -.070
11280.00  -.010
11290.00   .050
11300.00  -.020
11310.00  -.050
11320.00   .060
11330.00   .010
11340.00   .000
11350.00  -.085
11360.00  -.110
11370.00   .030
11380.00  -.025
11390.00  -.080
11400.00  -.025
11410.00   .000
11420.00  -.025
11430.00  -.015
11440.00  -.040
11450.00  -.070
11460.00  -.095
11470.00  -.065
11480.00   .010
11490.00   .005
11500.00   .030
11510.00   .020
11520.00  -.040
11530.00   .005
11540.00   .005
11550.00  -.010
11560.00   .040
11570.00  -.035
11580.00  -.005
11590.00  -.130
11600.00  -.125
11610.00  -.130
11620.00  -.010
11630.00  -.120
11640.00   .100
11650.00  -.050
11660.00   .080
11670.00  -.065
11680.00  -.010
11690.00  -.090
11700.00   .110
11710.00  -.030
11720.00  -.085
11730.00  -.020
11740.00   .030
11750.00  -.010
11760.00  -.035
11770.00  -.025
11780.00   .000
11790.00  -.055
11800.00  -.075
11810.00   .025
11820.00   .060
11830.00   .005
11840.00   .000
11850.00  -.085
11860.00  -.010
11870.00  -.085
11880.00  -.155
11890.00  -.215
11900.00  -.140
11910.00  -.090
11920.00  -.050
11930.00  -.035
11940.00  -.080
11950.00  -.095
11960.00  -.120
11970.00   .025
11980.00   .000
11990.00  -.050
12000.00  -.030