3000  0
3010  0
3020  0
3030  0
3040  0
3050  0
3060  0
3070  0
3080  0
3090  0
3100  0
3110  0
3120  0
3130  0
3140  0
3150  0
3160  0
3170  0
3180  0
3190  0
3200  0
3210  0
3220  0
3230  0
3240  0
3250  0
3260  0
3270  0
3280  0
3290  0
3300  0
3310  0
3320  0
3330  0
3340  0
3350  0
3360  0
3370  0
3380  0
3390  0
3400  0
3410  0
3420  0
3430  0
3440  0
3450  0
3460  0
3470  0
3480  0
3490  0
3500  0
3510  0
3520  0
3530  0
3540  0
3550  0
3560  0
3570  0
3580  0
3590  0
3600  0
3610  0
3620  0
3630  0
3640  0
3650  0
3660  0
3670  0
3680  0
3690  0
3700  0
3710  0
3720  0
3730  0
3740  0
3750  0
3760  0
3770  0
3780  0
3790  0
3800  0
3810  0
3820  0
3830  0
3840  0
3850  0
3860  0
3870  0
3880  0
3890  0
3900  0
3910  0
3920  0
3930  0
3940  0
3950  0
3960  0
3970  0
3980  0
3990  0
4000  0
4010  0
4020  0
4030  0
4040  0
4050  0
4060  0
4070  0
4080  0
4090  0
4100  0
4110  0
4120  0
4130  0
4140  0
4150  0
4160  0
4170  0
4180  0
4190  0
4200  0
4210  0
4220  0
4230  0
4240  0
4250  0
4260  0
4270  0
4280  0
4290  0
4300  0
4310  0
4320  0
4330  0
4340  0
4350  0
4360  0
4370  0
4380  0
4390  0
4400  0
4410  0
4420  0
4430  0
4440  0
4450  0
4460  0
4470  0
4480  0
4490  0
4500  0
4510  0
4520  0
4530  0
4540  0
4550  0
4560  0
4570  0
4580  0
4590  0
4600  0
4610  0
4620  0
4630  0
4640  0
4650  0
4660  0
4670  0
4680  0
4690  0
4700  0
4710  0
4720  0
4730  0
4740  0
4750  0
4760  0
4770  0
4780  0
4790  0
4800  0
4810  0
4820  0
4830  0
4840  0
4850  0
4860  0
4870  0
4880  0
4890  0
4900  0
4910  0
4920  0
4930  0
4940  0
4950  0
4960  0
4970  0
4980  0
4990  0
5000  0
5010  0
5020  0
5030  0
5040  0
5050  0
5060  0
5070  0
5080  0
5090  0
5100  0
5110  0
5120  0
5130  0
5140  0
5150  0
5160  0
5170  0
5180  0
5190  0
5200  0
5210  0
5220  0
5230  0
5240  0
5250  0
5260  0
5270  0
5280  0
5290  0
5300  0
5310  0
5320  0
5330  0
5340  0
5350  0
5360  0
5370  0
5380  0
5390  0
5400  0
5410  0
5420  0
5430  0
5440  0
5450  0.001
5460  0.001
5470  0.003
5480  0.007
5490  0.015
5500  0.033
5510  0.071
5520  0.155
5530  0.323
5540  0.644
5550  1.151
5560  2.07
5570  3.502
5580  5.602
5590  8.538
5600  12.25
5610  16.72
5620  21.9
5630  27.48
5640  33.32
5650  39.12
5660  44.78
5670  50.22
5680  55.37
5690  59.83
5700  63.97
5710  67.53
5720  70.68
5730  73.43
5740  75.83
5750  77.88
5760  79.6
5770  81.1
5780  82.32
5790  83.38
5800  84.25
5810  85.08
5820  85.67
5830  86.23
5840  86.64
5850  86.95
5860  87.23
5870  87.54
5880  87.65
5890  87.75
5900  87.83
5910  87.88
5920  87.9
5930  87.89
5940  87.8
5950  87.8
5960  87.69
5970  87.62
5980  87.49
5990  87.38
6000  87.28
6010  87.11
6020  86.97
6030  86.83
6040  86.62
6050  86.47
6060  86.29
6070  86.14
6080  85.96
6090  85.78
6100  85.61
6110  85.38
6120  85.22
6130  85
6140  84.72
6150  84.59
6160  84.35
6170  84.07
6180  83.83
6190  83.58
6200  83.38
6210  83.15
6220  82.84
6230  82.6
6240  82.31
6250  82.01
6260  81.7
6270  81.43
6280  81.15
6290  80.81
6300  80.46
6310  80.11
6320  79.82
6330  79.46
6340  79.15
6350  78.79
6360  78.45
6370  78.07
6380  77.77
6390  77.4
6400  77.03
6410  76.72
6420  76.34
6430  75.96
6440  75.61
6450  75.21
6460  74.83
6470  74.48
6480  74.06
6490  73.77
6500  73.35
6510  73.02
6520  72.66
6530  72.27
6540  71.91
6550  71.51
6560  71.13
6570  70.7
6580  70.38
6590  69.99
6600  69.6
6610  69.26
6620  68.88
6630  68.48
6640  68.08
6650  67.67
6660  67.32
6670  66.91
6680  66.53
6690  66.12
6700  65.71
6710  65.32
6720  64.92
6730  64.51
6740  64.07
6750  63.65
6760  63.23
6770  62.79
6780  62.35
6790  61.94
6800  61.5
6810  61.02
6820  60.56
6830  60.12
6840  59.7
6850  59.25
6860  58.78
6870  58.27
6880  57.85
6890  57.34
6900  56.89
6910  56.43
6920  55.92
6930  55.48
6940  55.01
6950  54.53
6960  54.02
6970  53.57
6980  53.09
6990  52.61
7000  52.15
7010  51.67
7020  51.2
7030  50.71
7040  50.24
7050  49.74
7060  49.27
7070  48.81
7080  48.37
7090  47.86
7100  47.39
7110  46.92
7120  46.44
7130  45.99
7140  45.5
7150  45.05
7160  44.59
7170  44.14
7180  43.66
7190  43.22
7200  42.73
7210  42.3
7220  41.85
7230  41.37
7240  40.96
7250  40.5
7260  40.07
7270  39.64
7280  39.16
7290  38.7
7300  38.29
7310  37.84
7320  37.41
7330  36.96
7340  36.54
7350  36.12
7360  35.68
7370  35.21
7380  34.79
7390  34.37
7400  33.98
7410  33.52
7420  33.1
7430  32.69
7440  32.25
7450  31.83
7460  31.45
7470  31
7480  30.62
7490  30.22
7500  29.81
7510  29.41
7520  28.99
7530  28.61
7540  28.22
7550  27.83
7560  27.41
7570  27
7580  26.65
7590  26.27
7600  25.86
7610  25.48
7620  25.11
7630  24.73
7640  24.38
7650  24.01
7660  23.64
7670  23.3
7680  22.94
7690  22.59
7700  22.22
7710  21.89
7720  21.55
7730  21.2
7740  20.87
7750  20.55
7760  20.23
7770  19.88
7780  19.55
7790  19.24
7800  18.91
7810  18.6
7820  18.28
7830  17.97
7840  17.66
7850  17.38
7860  17.08
7870  16.81
7880  16.52
7890  16.23
7900  15.95
7910  15.67
7920  15.39
7930  15.13
7940  14.86
7950  14.59
7960  14.32
7970  14.11
7980  13.83
7990  13.57
8000  13.32
8010  13.08
8020  12.83
8030  12.6
8040  12.37
8050  12.12
8060  11.9
8070  11.69
8080  11.47
8090  11.25
8100  11.03
8110  10.83
8120  10.62
8130  10.42
8140  10.22
8150  10.02
8160  9.831
8170  9.633
8180  9.443
8190  9.268
8200  9.086
8210  8.89
8220  8.722
8230  8.55
8240  8.38
8250  8.207
8260  8.047
8270  7.875
8280  7.726
8290  7.555
8300  7.407
8310  7.24
8320  7.117
8330  6.954
8340  6.796
8350  6.664
8360  6.536
8370  6.395
8380  6.265
8390  6.129
8400  6.002
8410  5.878
8420  5.743
8430  5.632
8440  5.524
8450  5.392
8460  5.275
8470  5.158
8480  5.055
8490  4.958
8500  4.854
8510  4.752
8520  4.638
8530  4.537
8540  4.446
8550  4.348
8560  4.248
8570  4.167
8580  4.069
8590  3.987
8600  3.889
8610  3.81
8620  3.733
8630  3.651
8640  3.577
8650  3.491
8660  3.413
8680  3.266
8700  3.109
8720  2.959
8740  2.851
8760  2.709
8780  2.605
8800  2.484
8820  2.377
8840  2.263
8860  2.177
8880  2.08
8900  1.991
8920  1.9
8940  1.817
8960  1.73
8980  1.654
9000  1.592
9020  1.513
9040  1.446
9060  1.382
9080  1.323
9100  1.263
9120  1.204
9140  1.151
9160  1.102
9180  1.054
9200  1.006
9220  0.997
9240  0.956
9260  0.915
9280  0.88
9300  0.839
9320  0.804
9340  0.763
9360  0.729
9380  0.697
9400  0.675
9420  0.64
9440  0.613
9460  0.591
9480  0.568
9500  0.54
9520  0.515
9540  0.496
9560  0.473
9580  0.456
9600  0.435
9620  0.418
9640  0.402
9660  0.388
9680  0.367
9700  0.356
9720  0.342
9740  0.329
9760  0.314
9780  0.3
9800  0.289
9820  0.278
9840  0.267
9860  0.259
9880  0.249
9900  0.239
9920  0.23
9940  0.22
9960  0.214
9980  0.208
10000  0.199
10020  0.191
10040  0.188
10060  0.176
10080  0.169
10100  0.166
10120  0.163
10140  0.157
10160  0.147
10180  0.145
10200  0.139
10220  0.135
10240  0.132
10260  0.128
10280  0.125
10300  0.121
10320  0.118
10340  0.112
10360  0.109
10380  0.106
10400  0.102
10420  0.101
10440  0.097
10460  0.095
10480  0.091
10500  0.089
10520  0.085
10540  0.082
10560  0.081
10580  0.079
10600  0.077
10620  0.076
10640  0.074
10660  0.072
10680  0.072
10700  0.071
10720  0.067
10740  0.065
10760  0.064
10780  0.063
10800  0.062
10820  0.06
10840  0.059
10860  0.057
10880  0.054
10900  0.057
10920  0.053
10940  0.052
10960  0.052
10980  0.051
11000  0.049