3000.00   -.005
3010.00   -.010
3020.00   -.010
3030.00   -.010
3040.00   -.010
3050.00   -.005
3060.00   -.005
3070.00   -.005
3080.00   -.005
3090.00   -.010
3100.00    .000
3110.00    .010
3120.00    .030
3130.00    .080
3140.00    .155
3150.00    .295
3160.00    .505
3170.00    .815
3180.00   1.245
3190.00   1.810
3200.00   2.520
3210.00   3.385
3220.00   4.420
3230.00   5.560
3240.00   6.865
3250.00   8.275
3260.00   9.815
3270.00  11.365
3280.00  12.970
3290.00  14.645
3300.00  16.395
3310.00  18.225
3320.00  20.130
3330.00  21.960
3340.00  23.870
3350.00  25.715
3360.00  27.660
3370.00  29.435
3380.00  31.155
3390.00  32.880
3400.00  34.590
3410.00  36.150
3420.00  37.715
3430.00  39.210
3440.00  40.545
3450.00  41.945
3460.00  43.340
3470.00  44.580
3480.00  45.705
3490.00  46.880
3500.00  47.975
3510.00  49.040
3520.00  50.040
3530.00  51.005
3540.00  51.910
3550.00  52.750
3560.00  53.545
3570.00  54.190
3580.00  54.920
3590.00  55.525
3600.00  56.165
3610.00  56.670
3620.00  57.105
3630.00  57.490
3640.00  57.970
3650.00  58.295
3660.00  58.565
3670.00  58.765
3680.00  58.915
3690.00  58.965
3700.00  58.945
3710.00  58.865
3720.00  58.675
3730.00  58.415
3740.00  58.015
3750.00  57.685
3760.00  56.925
3770.00  56.205
3780.00  55.295
3790.00  54.350
3800.00  53.145
3810.00  51.840
3820.00  50.355
3830.00  48.735
3840.00  46.975
3850.00  44.985
3860.00  42.920
3870.00  40.690
3880.00  38.355
3890.00  35.870
3900.00  33.260
3910.00  30.670
3920.00  27.990
3930.00  25.375
3940.00  22.810
3950.00  20.260
3960.00  17.900
3970.00  15.615
3980.00  13.485
3990.00  11.525
4000.00   9.730
4010.00   8.135
4020.00   6.735
4030.00   5.500
4040.00   4.450
4050.00   3.560
4060.00   2.810
4070.00   2.210
4080.00   1.715
4090.00   1.310
4100.00    .990
4110.00    .750
4120.00    .560
4130.00    .415
4140.00    .305
4150.00    .220
4160.00    .165
4170.00    .115
4180.00    .080
4190.00    .055
4200.00    .040
4210.00    .030
4220.00    .020
4230.00    .010
4240.00    .005
4250.00    .005
4260.00    .000
4270.00    .000
4280.00   -.005
4290.00   -.005
4300.00   -.005
4310.00   -.005
4320.00   -.005
4330.00   -.005
4340.00   -.005
4350.00   -.010
4360.00   -.005
4370.00   -.005
4380.00   -.005
4390.00   -.010
4400.00   -.005
4410.00   -.005
4420.00   -.005
4430.00   -.005
4440.00   -.010
4450.00   -.005
4460.00   -.005
4470.00   -.005
4480.00   -.005
4490.00   -.010
4500.00   -.010
4510.00   -.005
4520.00   -.005
4530.00   -.005
4540.00   -.005
4550.00   -.005
4560.00   -.005
4570.00   -.005
4580.00   -.005
4590.00   -.005
4600.00   -.005
4610.00   -.005
4620.00   -.005
4630.00   -.005
4640.00   -.005
4650.00   -.005
4660.00   -.005
4670.00   -.005
4680.00   -.005
4690.00   -.005
4700.00   -.005
4710.00   -.005
4720.00   -.005
4730.00   -.005
4740.00   -.005
4750.00   -.005
4760.00   -.005
4770.00   -.005
4780.00   -.005
4790.00   -.005
4800.00   -.010
4810.00   -.005
4820.00   -.005
4830.00   -.005
4840.00   -.005
4850.00   -.005
4860.00   -.005
4870.00   -.005
4880.00   -.005
4890.00   -.010
4900.00   -.005
4910.00   -.005
4920.00   -.005
4930.00   -.005
4940.00   -.005
4950.00   -.005
4960.00   -.005
4970.00   -.005
4980.00   -.005
4990.00   -.005
5000.00   -.005
5010.00   -.005
5020.00   -.005
5030.00   -.005
5040.00   -.005
5050.00   -.005
5060.00   -.005
5070.00   -.005
5080.00   -.005
5090.00   -.005
5100.00   -.005
5110.00   -.005
5120.00   -.005
5130.00   -.005
5140.00   -.005
5150.00   -.005
5160.00   -.005
5170.00   -.005
5180.00   -.005
5190.00   -.005
5200.00   -.005
5210.00   -.005
5220.00   -.005
5230.00   -.005
5240.00   -.005
5250.00   -.005
5260.00   -.005
5270.00   -.005
5280.00   -.005
5290.00   -.005
5300.00   -.005
5310.00   -.005
5320.00   -.005
5330.00   -.005
5340.00   -.005
5350.00   -.005
5360.00   -.005
5370.00   -.005
5380.00   -.005
5390.00   -.005
5400.00   -.010
5410.00   -.005
5420.00   -.005
5430.00   -.005
5440.00   -.005
5450.00   -.010
5460.00   -.005
5470.00   -.005
5480.00   -.005
5490.00   -.005
5500.00   -.005
5510.00   -.005
5520.00   -.005
5530.00   -.005
5540.00   -.005
5550.00   -.005
5560.00   -.005
5570.00   -.005
5580.00   -.005
5590.00   -.005
5600.00   -.005
5610.00    .000
5620.00    .000
5630.00   -.005
5640.00    .000
5650.00   -.005
5660.00   -.005
5670.00   -.005
5680.00   -.005
5690.00   -.005
5700.00   -.005
5710.00   -.005
5720.00   -.005
5730.00   -.005
5740.00   -.005
5750.00   -.005
5760.00   -.005
5770.00   -.005
5780.00   -.005
5790.00   -.005
5800.00   -.005
5810.00   -.005
5820.00   -.005
5830.00   -.005
5840.00   -.005
5850.00   -.010
5860.00   -.005
5870.00   -.005
5880.00   -.005
5890.00   -.010
5900.00   -.005
5910.00   -.005
5920.00   -.005
5930.00   -.005
5940.00   -.010
5950.00   -.005
5960.00   -.005
5970.00   -.005
5980.00   -.005
5990.00   -.005
6000.00   -.005
6010.00   -.005
6020.00   -.005
6030.00   -.005
6040.00   -.005
6050.00   -.005
6060.00   -.005
6070.00   -.005
6080.00   -.005
6090.00   -.005
6100.00   -.010
6110.00   -.005
6120.00   -.005
6130.00   -.005
6140.00   -.005
6150.00   -.005
6160.00   -.005
6170.00   -.005
6180.00   -.005
6190.00   -.010
6200.00   -.005
6210.00   -.005
6220.00   -.005
6230.00   -.005
6240.00   -.005
6250.00   -.005
6260.00   -.005
6270.00   -.005
6280.00   -.005
6290.00   -.005
6300.00   -.005
6310.00   -.005
6320.00   -.005
6330.00   -.005
6340.00   -.005
6350.00   -.005
6360.00   -.005
6370.00   -.005
6380.00   -.005
6390.00   -.005
6400.00   -.005
6410.00   -.005
6420.00   -.005
6430.00   -.005
6440.00   -.005
6450.00   -.005
6460.00   -.005
6470.00   -.005
6480.00   -.005
6490.00   -.005
6500.00   -.005
6510.00   -.005
6520.00   -.005
6530.00   -.005
6540.00   -.005
6550.00   -.005
6560.00   -.010
6570.00   -.005
6580.00   -.005
6590.00   -.005
6600.00   -.005
6610.00   -.005
6620.00   -.005
6630.00   -.005
6640.00   -.005
6650.00   -.005
6660.00   -.005
6670.00   -.005
6680.00   -.005
6690.00   -.005
6700.00   -.005
6710.00   -.005
6720.00   -.005
6730.00   -.005
6740.00   -.005
6750.00   -.005
6760.00   -.005
6770.00   -.005
6780.00   -.005
6790.00   -.005
6800.00   -.005
6810.00   -.005
6820.00   -.005
6830.00   -.005
6840.00    .000
6850.00    .000
6860.00   -.005
6870.00    .000
6880.00    .000
6890.00    .000
6900.00   -.005
6910.00    .000
6920.00    .005
6930.00    .005
6940.00    .005
6950.00    .010
6960.00    .010
6970.00    .015
6980.00    .015
6990.00    .020
7000.00    .015
7010.00    .025
7020.00    .030
7030.00    .030
7040.00    .025
7050.00    .030
7060.00    .035
7070.00    .030
7080.00    .035
7090.00    .035
7100.00    .035
7110.00    .035
7120.00    .035
7130.00    .035
7140.00    .035
7150.00    .035
7160.00    .030
7170.00    .035
7180.00    .030
7190.00    .030
7200.00    .025
7210.00    .020
7220.00    .025
7230.00    .025
7240.00    .020
7250.00    .020
7260.00    .020
7270.00    .020
7280.00    .020
7290.00    .015
7300.00    .015
7310.00    .015
7320.00    .010
7330.00    .015
7340.00    .010
7350.00    .015
7360.00    .005
7370.00    .005
7380.00    .010
7390.00    .010
7400.00    .010
7410.00    .005
7420.00    .005
7430.00    .010
7440.00    .005
7450.00    .000
7460.00    .000
7470.00    .005
7480.00   -.005
7490.00    .000
7500.00    .000
7510.00    .000
7520.00   -.005
7530.00    .000
7540.00    .005
7550.00    .000
7560.00   -.005
7570.00    .000
7580.00    .000
7590.00    .000
7600.00   -.005
7610.00   -.005
7620.00   -.005
7630.00    .000
7640.00   -.005
7650.00   -.005
7660.00   -.005
7670.00    .000
7680.00   -.005
7690.00    .000
7700.00   -.005
7710.00   -.005
7720.00   -.005
7730.00   -.005
7740.00   -.005
7750.00   -.005
7760.00   -.005
7770.00   -.005
7780.00   -.005
7790.00    .000
7800.00    .000
7810.00   -.005
7820.00   -.005
7830.00    .000
7840.00   -.005
7850.00    .000
7860.00   -.005
7870.00    .000
7880.00    .000
7890.00   -.005
7900.00   -.005
7910.00   -.005
7920.00   -.005
7930.00   -.005
7940.00   -.005
7950.00    .000
7960.00   -.005
7970.00   -.005
7980.00    .000
7990.00    .000
8000.00   -.005
8010.00   -.005
8020.00    .000
8030.00    .000
8040.00   -.005
8050.00   -.005
8060.00    .000
8070.00    .000
8080.00   -.005
8090.00    .000
8100.00    .005
8110.00   -.005
8120.00    .000
8130.00   -.005
8140.00   -.005
8150.00   -.005
8160.00    .000
8170.00   -.005
8180.00   -.005
8190.00    .000
8200.00    .000
8210.00   -.005
8220.00    .000
8230.00    .000
8240.00    .000
8250.00    .000
8260.00    .000
8270.00   -.005
8280.00    .000
8290.00   -.005
8300.00    .000
8310.00    .000
8320.00    .000
8330.00   -.005
8340.00   -.005
8350.00    .000
8360.00    .005
8370.00    .000
8380.00    .000
8390.00    .000
8400.00    .000
8410.00    .000
8420.00    .000
8430.00    .000
8440.00    .000
8450.00    .005
8460.00    .000
8470.00    .000
8480.00    .000
8490.00    .005
8500.00    .000
8510.00    .000
8520.00    .000
8530.00    .000
8540.00    .000
8550.00    .000
8560.00    .000
8570.00    .005
8580.00    .000
8590.00    .000
8600.00   -.005
8610.00   -.050
8620.00   -.030
8630.00   -.005
8640.00   -.060
8650.00    .065
8660.00    .010
8670.00   -.055
8680.00   -.080
8690.00    .055
8700.00   -.095
8710.00   -.045
8720.00   -.070
8730.00   -.025
8740.00   -.035
8750.00   -.050
8760.00   -.035
8770.00   -.030
8780.00   -.025
8790.00   -.065
8800.00    .065
8810.00   -.025
8820.00   -.035
8830.00   -.075
8840.00   -.070
8850.00   -.030
8860.00   -.070
8870.00   -.080
8880.00   -.070
8890.00    .005
8900.00   -.085
8910.00   -.030
8920.00   -.020
8930.00   -.025
8940.00    .000
8950.00   -.075
8960.00   -.005
8970.00    .010
8980.00   -.065
8990.00    .005
9000.00   -.045
9010.00   -.030
9020.00   -.075
9030.00    .120
9040.00   -.005
9050.00   -.105
9060.00    .110
9070.00   -.015
9080.00   -.040
9090.00    .005
9100.00   -.055
9110.00   -.040
9120.00   -.110
9130.00   -.080
9140.00   -.035
9150.00   -.010
9160.00   -.045
9170.00   -.065
9180.00   -.015
9190.00   -.055
9200.00   -.015
9210.00    .000
9220.00   -.030
9230.00   -.035
9240.00    .135
9250.00   -.040
9260.00   -.005
9270.00    .005
9280.00   -.015
9290.00    .040
9300.00   -.010
9310.00   -.045
9320.00   -.080
9330.00   -.035
9340.00    .005
9350.00   -.030
9360.00   -.020
9370.00    .005
9380.00   -.100
9390.00    .000
9400.00   -.060
9410.00   -.050
9420.00    .045
9430.00   -.025
9440.00   -.015
9450.00   -.035
9460.00   -.045
9470.00   -.025
9480.00    .005
9490.00   -.075
9500.00   -.015
9510.00   -.015
9520.00   -.060
9530.00    .140
9540.00    .080
9550.00   -.005
9560.00   -.080
9570.00   -.025
9580.00   -.050
9590.00   -.025
9600.00   -.020
9610.00   -.030
9620.00   -.085
9630.00   -.010
9640.00   -.005
9650.00   -.050
9660.00    .010
9670.00    .080
9680.00   -.080
9690.00   -.045
9700.00   -.010
9710.00   -.035
9720.00   -.085
9730.00   -.065
9740.00   -.015
9750.00    .020
9760.00   -.010
9770.00   -.020
9780.00    .005
9790.00    .005
9800.00   -.050
9810.00   -.070
9820.00   -.030
9830.00   -.055
9840.00   -.040
9850.00   -.055
9860.00   -.080
9870.00    .060
9880.00   -.060
9890.00    .075
9900.00   -.040
9910.00   -.080
9920.00   -.025
9930.00   -.090
9940.00    .020
9950.00   -.075
9960.00   -.055
9970.00    .015
9980.00   -.020
9990.00   -.110
10000.00    .090
10010.00   -.040
10020.00    .020
10030.00   -.070
10040.00    .045
10050.00    .005
10060.00   -.060
10070.00    .030
10080.00   -.050
10090.00   -.040
10100.00   -.090
10110.00   -.050
10120.00    .010
10130.00    .005
10140.00    .000
10150.00   -.040
10160.00   -.065
10170.00    .060
10180.00   -.035
10190.00   -.010
10200.00   -.155
10210.00   -.050
10220.00   -.020
10230.00   -.010
10240.00   -.055
10250.00   -.045
10260.00   -.010
10270.00    .005
10280.00   -.010
10290.00   -.050
10300.00   -.065
10310.00   -.025
10320.00    .005
10330.00   -.065
10340.00   -.100
10350.00   -.080
10360.00   -.005
10370.00   -.085
10380.00   -.055
10390.00   -.030
10400.00   -.075
10410.00   -.050
10420.00   -.010
10430.00   -.010
10440.00   -.035
10450.00   -.010
10460.00   -.045
10470.00   -.030
10480.00   -.035
10490.00   -.020
10500.00   -.035
10510.00   -.125
10520.00   -.075
10530.00   -.150
10540.00    .000
10550.00    .080
10560.00    .140
10570.00   -.020
10580.00   -.055
10590.00   -.010
10600.00    .010
10610.00    .005
10620.00    .005
10630.00    .000
10640.00   -.080
10650.00    .025
10660.00    .070
10670.00    .025
10680.00   -.010
10690.00   -.005
10700.00   -.050
10710.00   -.030
10720.00    .030
10730.00   -.055
10740.00    .010
10750.00   -.030
10760.00   -.005
10770.00   -.055
10780.00   -.025
10790.00   -.070
10800.00    .055
10810.00   -.075
10820.00    .015
10830.00   -.115
10840.00   -.065
10850.00   -.045
10860.00   -.025
10870.00   -.050
10880.00    .005
10890.00   -.080
10900.00    .015
10910.00   -.025
10920.00    .040
10930.00   -.050
10940.00   -.060
10950.00   -.040
10960.00   -.010
10970.00   -.010
10980.00   -.070
10990.00    .040
11000.00    .105
11010.00   -.040
11020.00    .005
11030.00   -.060
11040.00    .095
11050.00   -.030
11060.00   -.010
11070.00   -.020
11080.00    .060
11090.00    .045
11100.00   -.035
11110.00   -.045
11120.00   -.110
11130.00   -.025
11140.00   -.045
11150.00    .070
11160.00   -.020
11170.00   -.005
11180.00   -.040
11190.00   -.020
11200.00   -.010
11210.00    .015
11220.00   -.020
11230.00   -.035
11240.00   -.065
11250.00   -.045
11260.00   -.070
11270.00    .030
11280.00    .000
11290.00    .025
11300.00    .025
11310.00   -.005
11320.00   -.045
11330.00    .000
11340.00   -.070
11350.00   -.095
11360.00   -.105
11370.00   -.060
11380.00   -.075
11390.00   -.040
11400.00    .000
11410.00   -.035
11420.00   -.085
11430.00   -.020
11440.00    .050
11450.00   -.045
11460.00   -.070
11470.00   -.070
11480.00    .030
11490.00   -.005
11500.00   -.070
11510.00    .105
11520.00    .005
11530.00    .050
11540.00   -.035
11550.00   -.005
11560.00   -.010
11570.00   -.035
11580.00    .080
11590.00   -.115
11600.00   -.150
11610.00   -.055
11620.00   -.035
11630.00   -.060
11640.00   -.090
11650.00   -.125
11660.00    .030
11670.00   -.015
11680.00   -.010
11690.00   -.010
11700.00   -.015
11710.00   -.030
11720.00   -.025
11730.00   -.050
11740.00   -.065
11750.00   -.095
11760.00    .015
11770.00    .020
11780.00   -.090
11790.00   -.035
11800.00    .125
11810.00    .010
11820.00    .065
11830.00    .050
11840.00   -.030
11850.00   -.065
11860.00    .030
11870.00   -.185
11880.00    .000
11890.00   -.240
11900.00   -.145
11910.00   -.020
11920.00   -.090
11930.00    .040
11940.00    .005
11950.00   -.035
11960.00   -.030
11970.00   -.115
11980.00   -.020
11990.00   -.080
12000.00    .010