3000  0.001009
3010  0.001057
3020  0.001043
3030  0.000964
3040  0.001049
3050  0.001018
3060  0.0009652
3070  0.001009
3080  0.001088
3090  0.001108
3100  0.001004
3110  0.0009776
3120  0.001016
3130  0.001055
3140  0.001168
3150  0.001225
3160  0.001076
3170  0.00132
3180  0.001125
3190  0.001235
3200  0.001137
3210  0.001134
3220  0.001114
3230  0.001069
3240  0.001205
3250  0.001143
3260  0.001174
3270  0.001279
3280  0.001181
3290  0.001303
3300  0.001083
3310  0.001274
3320  0.00128
3330  0.001211
3340  0.001293
3350  0.001246
3360  0.001315
3370  0.001151
3380  0.001323
3390  0.001216
3400  0.001202
3410  0.001201
3420  0.001026
3430  0.001145
3440  0.001245
3450  0.001174
3460  0.001108
3470  0.001158
3480  0.001189
3490  0.001254
3500  0.00123
3510  0.001213
3520  0.001147
3530  0.001313
3540  0.001187
3550  0.001145
3560  0.001166
3570  0.001054
3580  0.001218
3590  0.001087
3600  0.001117
3610  0.001209
3620  0.001109
3630  0.001112
3640  0.001063
3650  0.001159
3660  0.001103
3670  0.001172
3680  0.001197
3690  0.001112
3700  0.001132
3710  0.001003
3720  0.001185
3730  0.001142
3740  0.001137
3750  0.001095
3760  0.001143
3770  0.001079
3780  0.001158
3790  0.001125
3800  0.001079
3810  0.001137
3820  0.001087
3830  0.001032
3840  0.001118
3850  0.001117
3860  0.001113
3870  0.001109
3880  0.001097
3890  0.001171
3900  0.001131
3910  0.001165
3920  0.00112
3930  0.001093
3940  0.00102
3950  0.001131
3960  0.001157
3970  0.001121
3980  0.001164
3990  0.001138
4000  0.001084
4010  0.001116
4020  0.001071
4030  0.001103
4040  0.001053
4050  0.001074
4060  0.001107
4070  0.001105
4080  0.001122
4090  0.001096
4100  0.001064
4110  0.001076
4120  0.001109
4130  0.001078
4140  0.001079
4150  0.001116
4160  0.00113
4170  0.001061
4180  0.001088
4190  0.001095
4200  0.001112
4210  0.001053
4220  0.0011
4230  0.001098
4240  0.001141
4250  0.001107
4260  0.00112
4270  0.001124
4280  0.001138
4290  0.001094
4300  0.001096
4310  0.001049
4320  0.001143
4330  0.00109
4340  0.001098
4350  0.001118
4360  0.001122
4370  0.001125
4380  0.001116
4390  0.001106
4400  0.001126
4410  0.001067
4420  0.001097
4430  0.001132
4440  0.001111
4450  0.001082
4460  0.001123
4470  0.001097
4480  0.001077
4490  0.00108
4500  0.001083
4510  0.001054
4520  0.001057
4530  0.001032
4540  0.00102
4550  0.001012
4560  0.0009747
4570  0.0009725
4580  0.0009905
4590  0.0009777
4600  0.0009659
4610  0.0009251
4620  0.0009712
4630  0.0009405
4640  0.0009622
4650  0.0009288
4660  0.001087
4670  0.001572
4680  0.003163
4690  0.008085
4700  0.02187
4710  0.05636
4720  0.1365
4730  0.3035
4740  0.6175
4750  1.072
4760  1.883
4770  3.08
4780  4.746
4790  6.946
4800  9.675
4810  12.87
4820  16.54
4830  20.53
4840  24.73
4850  29.15
4860  33.55
4870  37.87
4880  42.17
4890  46.28
4900  50.17
4910  53.84
4920  57.29
4930  60.49
4940  63.42
4950  66.09
4960  68.58
4970  70.9
4980  72.94
4990  74.82
5000  76.57
5010  78.03
5020  79.48
5030  80.73
5040  81.88
5050  82.96
5060  83.89
5070  84.73
5080  85.52
5090  86.19
5100  86.81
5110  87.33
5120  87.84
5130  88.27
5140  88.63
5150  88.93
5160  89.26
5170  89.45
5180  89.68
5190  89.91
5200  89.93
5210  90.06
5220  90
5230  90.12
5240  90.08
5250  90.06
5260  90.02
5270  89.89
5280  89.78
5290  89.71
5300  89.52
5310  89.28
5320  89.06
5330  88.88
5340  88.57
5350  88.3
5360  87.94
5370  87.62
5380  87.29
5390  86.91
5400  86.47
5410  86.03
5420  85.58
5430  85.07
5440  84.58
5450  84.02
5460  83.52
5470  82.93
5480  82.32
5490  81.72
5500  81.04
5510  80.34
5520  79.69
5530  78.98
5540  78.23
5550  77.45
5560  76.6
5570  75.74
5580  74.95
5590  74.08
5600  73.24
5610  72.31
5620  71.34
5630  70.38
5640  69.42
5650  68.36
5660  67.32
5670  66.28
5680  65.23
5690  64.24
5700  63.22
5710  62.08
5720  60.9
5730  59.76
5740  58.61
5750  57.47
5760  56.27
5770  55.11
5780  53.88
5790  52.66
5800  51.45
5810  50.25
5820  49.02
5830  47.81
5840  46.58
5850  45.3
5860  44.08
5870  42.86
5880  41.63
5890  40.43
5900  39.18
5910  37.94
5920  36.76
5930  35.58
5940  34.37
5950  33.22
5960  32.06
5970  30.93
5980  29.8
5990  28.69
6000  27.6
6010  26.52
6020  25.48
6030  24.47
6040  23.44
6050  22.46
6060  21.51
6070  20.56
6080  19.64
6090  18.75
6100  17.9
6110  17.04
6120  16.25
6130  15.46
6140  14.69
6150  13.95
6160  13.24
6170  12.55
6180  11.89
6190  11.25
6200  10.65
6210  10.06
6220  9.493
6230  8.948
6240  8.429
6250  7.935
6260  7.453
6270  7.006
6280  6.582
6290  6.159
6300  5.769
6310  5.398
6320  5.047
6330  4.714
6340  4.397
6350  4.097
6360  3.819
6370  3.559
6380  3.309
6390  3.071
6400  2.85
6410  2.644
6420  2.45
6430  2.269
6440  2.095
6450  1.936
6460  1.788
6470  1.649
6480  1.519
6490  1.397
6500  1.283
6510  1.181
6520  1.081
6530  0.9928
6540  0.9988
6550  0.9141
6560  0.8367
6570  0.7641
6580  0.6986
6590  0.6371
6600  0.5812
6610  0.5297
6620  0.4823
6630  0.4394
6640  0.3987
6650  0.3619
6660  0.3286
6670  0.2976
6680  0.2687
6690  0.2439
6700  0.2199
6710  0.1994
6720  0.1798
6730  0.1619
6740  0.1461
6750  0.1315
6760  0.1184
6770  0.106
6780  0.09547
6790  0.08578
6800  0.07692
6810  0.06908
6820  0.06162
6830  0.05536
6840  0.04974
6850  0.04416
6860  0.03964
6870  0.03539
6880  0.03156
6890  0.0281
6900  0.0251
6910  0.02218
6920  0.02007
6930  0.01774
6940  0.01577
6950  0.01391
6960  0.01238
6970  0.01103
6980  0.009789
6990  0.008677
7000  0.007649
7010  0.006797
7020  0.005975
7030  0.005288
7040  0.00471
7050  0.004164
7060  0.003647
7070  0.003252
7080  0.002974
7090  0.002541
7100  0.002304
7110  0.002041
7120  0.001766
7130  0.001564
7140  0.001411
7150  0.001177
7160  0.001047
7170  0.0009417
7180  0.0008646
7190  0.0007523
7200  0.0006014
7210  0.0005821
7220  0.0005017
7230  0.0004523
7240  0.0004004
7250  0.0003783
7260  0.0002919
7270  0.0002726
7280  0.0002337
7290  0.0002224
7300  0.0002108
7310  0.0001681
7320  0.0001563
7330  0.0001206
7340  0.0001266
7350  0.0001039
7360  0.0001501
7370  0.00007755
7380  0.00005968
7390  0.00006943
7400  0.00007474
7410  0.00007411
7420  0.00005471
7430  0.000055
7440  0.00002262
7450  0.00003187
7460  0.0000414
7470  0.00005163
7480  0.00002758
7490  0.00003666
7500  0.00000001
7510  0.00002713
7520  0.0000512
7530  0.0000004046
7540  0.000009102
7550  0.00001797
7560  0.00000001
7570  0.00001264
7580  0.00004355
7590  0.000009265
7600  0.00000001
7610  0.000008377
7620  0.00001277
7630  0.00002555
7640  0.00002309
7650  0.00002292
7660  0.000004015
7670  0.000008274
7680  0.00003198
7690  0.00006093
7700  0.00001849
7710  0.000008934
7720  0.00002263
7730  0.00002245
7740  0.0000522
7750  0.00003229
7760  0.00004153
7770  0.00001336
7780  0.00002255
7790  0.000002954
7800  0.00004301
7810  0.00000009714
7820  0.00000001
7830  0.0000179
7840  0.00000001
7850  0.00007002
7860  0.00000001
7870  0.00001368
7880  0.00006052
7890  0.00000001
7900  0.00006613
7910  0.00002788
7920  0.00004154
7930  0.00002757
7940  0.00003218
7950  0.000007969
7960  0.00002709
7970  0.00003697
7980  0.00001172
7990  0.000007907
8000  0.00000001
8010  0.00001228
8020  0.00002507
8030  0.00003687
8040  0.00000001
8050  0.00000001
8060  0.00000001
8070  0.00000001
8080  0.00000001
8090  0.00001246
8100  0.00001011
8110  0.00009635
8120  0.000004258
8130  0.00000001
8140  0.00000001
8150  0.00003975
8160  0.00000001
8170  0.00000001
8180  0.00000001
8190  0.00000001
8200  0.00004633
8210  0.00005014
8220  0.00000001
8230  0.00005532
8240  0.00000001
8250  0.00007244
8260  0.00003631
8270  0.00004652
8280  0.00008091
8290  0.00000001
8300  0.00003599
8310  0.0000225
8320  0.0000877
8330  0.00000001
8340  0.00003294
8350  0.00000001
8360  0.00002662
8370  0.00005234
8380  0.000008854
8390  0.00005501
8400  0.00000001
8410  0.00008505
8420  0.00000001
8430  0.000163
8440  0.00005053
8450  0.0000839
8460  0.0001613
8470  0.00001785
8480  0.00000001
8490  0.00006347
8500  0.0001231
8510  0.00005779
8520  0.00000001
8530  0.00000001
8540  0.0002812
8550  0.000145
8560  0.00000001
8570  0.00001025
8580  0.0001611
8590  0.000001333
8600  0.00008193
8610  0.00000001
8620  0.0002145
8630  0.000002183
8640  0.0002041
8650  0.00000001
8660  0.0001716
8680  0.08332
8700  0.07143
8720  0.0634
8740  0.04272
8760  0.0601
8780  0.06926
8800  0.03924
8820  0.05594
8840  0.04643
8860  0.01694
8880  0.06153
8900  0.05864
8920  0.05339
8940  0.0467
8960  0.03124
8980  0.04647
9000  0.03217
9020  0.03073
9040  0.04075
9060  0.03471
9080  0.02699
9100  0.03806
9120  0.02271
9140  0.02656
9160  0.02726
9180  0.02261
9200  0.02351
9220  0.02498
9240  0.02408
9260  0.02013
9280  0.0143
9300  0.01594
9320  0.02032
9340  0.02306
9360  0.01907
9380  0.0191
9400  0.0209
9420  0.01436
9440  0.01171
9460  0.02042
9480  0.01929
9500  0.01716
9520  0.0177
9540  0.0141
9560  0.01319
9580  0.01569
9600  0.01713
9620  0.01159
9640  0.009904
9660  0.01445
9680  0.01063
9700  0.009886
9720  0.01503
9740  0.01198
9760  0.007809
9780  0.01045
9800  0.01145
9820  0.01127
9840  0.01107
9860  0.01081
9880  0.01062
9900  0.01145
9920  0.008369
9940  0.009906
9960  0.00934
9980  0.00979
10000  0.006658
10020  0.009043
10040  0.01043
10060  0.009608
10080  0.009131
10100  0.007468
10120  0.009094
10140  0.006322
10160  0.009339
10180  0.01032
10200  0.01016
10220  0.005631
10240  0.006883
10260  0.008928
10280  0.008266
10300  0.007897
10320  0.007023
10340  0.007953
10360  0.007094
10380  0.00852
10400  0.008417
10420  0.008323
10440  0.005062
10460  0.008145
10480  0.006865
10500  0.006799
10520  0.005075
10540  0.006663
10560  0.005909
10580  0.005857
10600  0.006268
10620  0.005752
10640  0.0057
10660  0.007673
10680  0.006729
10700  0.007352
10720  0.006631
10740  0.00483
10760  0.008067
10780  0.004769
10800  0.005812
10820  0.007715
10840  0.006601
10860  0.005291
10880  0.005896
10900  0.006712
10920  0.005419
10940  0.008535
10960  0.004739
10980  0.005548
11000  0.005739