3000.00     -.010
3010.00     -.005
3020.00     -.010
3030.00     -.005
3040.00     -.005
3050.00     -.010
3060.00     -.010
3070.00     -.010
3080.00     -.005
3090.00     -.005
3100.00     -.010
3110.00     -.010
3120.00     -.005
3130.00     -.005
3140.00     -.005
3150.00     -.010
3160.00     -.010
3170.00     -.005
3180.00     -.005
3190.00     -.010
3200.00     -.010
3210.00     -.005
3220.00     -.005
3230.00     -.005
3240.00     -.005
3250.00     -.010
3260.00     -.005
3270.00     -.005
3280.00     -.010
3290.00     -.005
3300.00     -.005
3310.00     -.005
3320.00     -.010
3330.00     -.005
3340.00     -.005
3350.00     -.005
3360.00     -.005
3370.00     -.005
3380.00     -.005
3390.00     -.010
3400.00     -.005
3410.00     -.010
3420.00     -.005
3430.00     -.005
3440.00     -.005
3450.00     -.005
3460.00     -.005
3470.00     -.005
3480.00     -.010
3490.00     -.005
3500.00     -.005
3510.00     -.005
3520.00     -.005
3530.00      .000
3540.00      .010
3550.00      .025
3560.00      .060
3570.00      .115
3580.00      .220
3590.00      .360
3600.00      .590
3610.00      .885
3620.00     1.290
3630.00     1.795
3640.00     2.420
3650.00     3.165
3660.00     4.055
3670.00     5.060
3680.00     6.185
3690.00     7.440
3700.00     8.795
3710.00    10.260
3720.00    11.780
3730.00    13.370
3740.00    14.995
3750.00    16.695
3760.00    18.455
3770.00    20.150
3780.00    21.875
3790.00    23.765
3800.00    25.530
3810.00    27.275
3820.00    29.040
3830.00    30.750
3840.00    32.370
3850.00    33.995
3860.00    35.595
3870.00    37.150
3880.00    38.660
3890.00    40.145
3900.00    41.525
3910.00    42.890
3920.00    44.215
3930.00    45.420
3940.00    46.645
3950.00    47.775
3960.00    48.905
3970.00    49.885
3980.00    50.925
3990.00    51.890
4000.00    52.790
4010.00    53.610
4020.00    54.475
4030.00    55.270
4040.00    56.035
4050.00    56.740
4060.00    57.435
4070.00    58.120
4080.00    58.710
4090.00    59.315
4100.00    59.880
4110.00    60.380
4120.00    60.835
4130.00    61.300
4140.00    61.790
4150.00    62.190
4160.00    62.515
4170.00    62.920
4180.00    63.325
4190.00    63.700
4200.00    64.030
4210.00    64.275
4220.00    64.560
4230.00    64.765
4240.00    64.860
4250.00    65.030
4260.00    65.135
4270.00    65.270
4280.00    65.380
4290.00    65.500
4300.00    65.540
4310.00    65.565
4320.00    65.595
4330.00    65.590
4340.00    65.565
4350.00    65.570
4360.00    65.490
4370.00    65.440
4380.00    65.365
4390.00    65.305
4400.00    65.255
4410.00    65.145
4420.00    65.040
4430.00    64.880
4440.00    64.780
4450.00    64.525
4460.00    64.250
4470.00    63.940
4480.00    63.660
4490.00    63.295
4500.00    62.935
4510.00    62.640
4520.00    62.210
4530.00    61.890
4540.00    61.540
4550.00    61.115
4560.00    60.705
4570.00    60.220
4580.00    59.685
4590.00    59.140
4600.00    58.515
4610.00    57.835
4620.00    57.150
4630.00    56.415
4640.00    55.600
4650.00    54.670
4660.00    53.650
4670.00    52.615
4680.00    51.465
4690.00    50.295
4700.00    49.045
4710.00    47.745
4720.00    46.400
4730.00    45.095
4740.00    43.735
4750.00    42.380
4760.00    41.040
4770.00    39.665
4780.00    38.265
4790.00    36.880
4800.00    35.475
4810.00    34.020
4820.00    32.610
4830.00    31.200
4840.00    29.805
4850.00    28.440
4860.00    27.075
4870.00    25.825
4880.00    24.560
4890.00    23.385
4900.00    22.210
4910.00    21.130
4920.00    20.115
4930.00    19.105
4940.00    18.210
4950.00    17.365
4960.00    16.600
4970.00    15.875
4980.00    15.185
4990.00    14.510
5000.00    13.830
5010.00    13.125
5020.00    12.400
5030.00    11.640
5040.00    10.875
5050.00    10.110
5060.00     9.350
5070.00     8.670
5080.00     8.015
5090.00     7.415
5100.00     6.865
5110.00     6.360
5120.00     5.905
5130.00     5.470
5140.00     5.065
5150.00     4.665
5160.00     4.290
5170.00     3.925
5180.00     3.580
5190.00     3.270
5200.00     2.955
5210.00     2.675
5220.00     2.415
5230.00     2.180
5240.00     1.955
5250.00     1.755
5260.00     1.585
5270.00     1.425
5280.00     1.285
5290.00     1.170
5300.00     1.065
5310.00      .975
5320.00      .905
5330.00      .840
5340.00      .790
5350.00      .745
5360.00      .710
5370.00      .685
5380.00      .665
5390.00      .650
5400.00      .635
5410.00      .630
5420.00      .635
5430.00      .640
5440.00      .655
5450.00      .675
5460.00      .695
5470.00      .730
5480.00      .775
5490.00      .820
5500.00      .870
5510.00      .930
5520.00      .995
5530.00     1.055
5540.00     1.125
5550.00     1.185
5560.00     1.240
5570.00     1.290
5580.00     1.320
5590.00     1.340
5600.00     1.345
5610.00     1.335
5620.00     1.310
5630.00     1.275
5640.00     1.235
5650.00     1.180
5660.00     1.115
5670.00     1.045
5680.00      .970
5690.00      .885
5700.00      .805
5710.00      .715
5720.00      .640
5730.00      .560
5740.00      .485
5750.00      .420
5760.00      .350
5770.00      .295
5780.00      .245
5790.00      .205
5800.00      .170
5810.00      .135
5820.00      .110
5830.00      .090
5840.00      .070
5850.00      .055
5860.00      .045
5870.00      .035
5880.00      .030
5890.00      .025
5900.00      .020
5910.00      .020
5920.00      .015
5930.00      .015
5940.00      .015
5950.00      .015
5960.00      .015
5970.00      .015
5980.00      .015
5990.00      .015
6000.00      .015
6010.00      .015
6020.00      .015
6030.00      .015
6040.00      .015
6050.00      .015
6060.00      .010
6070.00      .010
6080.00      .010
6090.00      .010
6100.00      .015
6110.00      .015
6120.00      .010
6130.00      .010
6140.00      .010
6150.00      .010
6160.00      .010
6170.00      .005
6180.00      .010
6190.00      .005
6200.00      .005
6210.00      .000
6220.00      .000
6230.00      .005
6240.00      .005
6250.00      .000
6260.00      .000
6270.00      .000
6280.00      .000
6290.00      .000
6300.00     -.005
6310.00      .000
6320.00      .000
6330.00     -.005
6340.00     -.005
6350.00     -.005
6360.00     -.005
6370.00     -.005
6380.00     -.005
6390.00     -.005
6400.00     -.005
6410.00     -.005
6420.00     -.005
6430.00     -.005
6440.00     -.005
6450.00     -.005
6460.00     -.005
6470.00     -.005
6480.00     -.005
6490.00     -.005
6500.00     -.005
6510.00     -.005
6520.00     -.005
6530.00     -.005
6540.00     -.005
6550.00     -.005
6560.00     -.005
6570.00     -.005
6580.00     -.005
6590.00     -.005
6600.00     -.005
6610.00     -.005
6620.00     -.005
6630.00      .000
6640.00     -.005
6650.00     -.005
6660.00     -.005
6670.00     -.005
6680.00     -.005
6690.00     -.005
6700.00     -.005
6710.00     -.005
6720.00     -.005
6730.00      .000
6740.00     -.005
6750.00      .000
6760.00     -.005
6770.00      .000
6780.00     -.005
6790.00     -.005
6800.00     -.005
6810.00     -.005
6820.00     -.005
6830.00     -.005
6840.00      .000
6850.00      .000
6860.00     -.005
6870.00      .000
6880.00      .000
6890.00      .000
6900.00     -.005
6910.00     -.005
6920.00     -.005
6930.00      .000
6940.00     -.005
6950.00     -.005
6960.00      .000
6970.00      .000
6980.00     -.005
6990.00     -.005
7000.00      .000
7010.00     -.005
7020.00     -.005
7030.00     -.005
7040.00     -.005
7050.00     -.005
7060.00     -.005
7070.00     -.005
7080.00     -.005
7090.00     -.005
7100.00     -.005
7110.00     -.005
7120.00     -.005
7130.00     -.005
7140.00     -.005
7150.00     -.005
7160.00     -.005
7170.00     -.005
7180.00     -.005
7190.00     -.005
7200.00     -.005
7210.00     -.005
7220.00     -.005
7230.00     -.005
7240.00     -.005
7250.00     -.005
7260.00     -.005
7270.00     -.005
7280.00     -.005
7290.00     -.005
7300.00     -.005
7310.00     -.005
7320.00     -.005
7330.00     -.005
7340.00     -.005
7350.00     -.005
7360.00     -.005
7370.00     -.005
7380.00     -.005
7390.00     -.005
7400.00     -.005
7410.00     -.005
7420.00     -.005
7430.00     -.005
7440.00     -.005
7450.00     -.005
7460.00     -.005
7470.00     -.005
7480.00     -.005
7490.00     -.005
7500.00     -.005
7510.00     -.005
7520.00     -.005
7530.00     -.005
7540.00     -.005
7550.00     -.005
7560.00     -.005
7570.00     -.005
7580.00     -.005
7590.00     -.005
7600.00     -.005
7610.00     -.005
7620.00     -.005
7630.00     -.005
7640.00     -.005
7650.00     -.005
7660.00     -.005
7670.00     -.005
7680.00     -.005
7690.00     -.005
7700.00     -.005
7710.00     -.005
7720.00     -.005
7730.00     -.005
7740.00     -.005
7750.00     -.005
7760.00     -.005
7770.00     -.005
7780.00     -.005
7790.00     -.005
7800.00     -.005
7810.00     -.005
7820.00     -.005
7830.00     -.005
7840.00     -.005
7850.00     -.005
7860.00     -.005
7870.00     -.005
7880.00     -.005
7890.00     -.005
7900.00     -.005
7910.00     -.005
7920.00     -.005
7930.00     -.005
7940.00     -.005
7950.00     -.005
7960.00     -.005
7970.00     -.005
7980.00     -.005
7990.00     -.005
8000.00     -.005
8010.00     -.005
8020.00     -.005
8030.00     -.005
8040.00     -.005
8050.00     -.005
8060.00     -.005
8070.00      .000
8080.00     -.005
8090.00      .000
8100.00      .000
8110.00     -.005
8120.00     -.005
8130.00     -.005
8140.00     -.005
8150.00      .000
8160.00     -.005
8170.00     -.005
8180.00     -.005
8190.00     -.005
8200.00     -.005
8210.00     -.005
8220.00      .000
8230.00      .000
8240.00      .000
8250.00     -.005
8260.00     -.005
8270.00      .000
8280.00     -.005
8290.00      .000
8300.00      .000
8310.00     -.005
8320.00     -.005
8330.00      .000
8340.00      .000
8350.00      .000
8360.00      .000
8370.00      .000
8380.00      .000
8390.00      .000
8400.00      .000
8410.00     -.005
8420.00      .000
8430.00      .000
8440.00      .000
8450.00     -.005
8460.00      .000
8470.00      .005
8480.00      .000
8490.00      .000
8500.00      .000
8510.00      .000
8520.00      .005
8530.00     -.005
8540.00      .000
8550.00      .000
8560.00      .005
8570.00      .000
8580.00      .000
8590.00      .000
8600.00      .000
8610.00     -.025
8620.00     -.055
8630.00     -.030
8640.00     -.075
8650.00      .050
8660.00     -.035
8670.00     -.055
8680.00     -.045
8690.00     -.040
8700.00     -.020
8710.00     -.065
8720.00      .020
8730.00     -.050
8740.00      .035
8750.00     -.015
8760.00     -.090
8770.00      .030
8780.00      .045
8790.00     -.005
8800.00     -.050
8810.00     -.050
8820.00      .070
8830.00     -.030
8840.00     -.025
8850.00     -.025
8860.00     -.045
8870.00     -.090
8880.00      .035
8890.00     -.030
8900.00     -.040
8910.00      .100
8920.00     -.010
8930.00     -.080
8940.00      .100
8950.00     -.015
8960.00     -.050
8970.00     -.055
8980.00     -.140
8990.00     -.025
9000.00     -.110
9010.00     -.030
9020.00     -.055
9030.00     -.035
9040.00     -.080
9050.00     -.040
9060.00     -.040
9070.00     -.050
9080.00     -.025
9090.00     -.010
9100.00     -.055
9110.00      .060
9120.00     -.075
9130.00     -.020
9140.00     -.035
9150.00     -.055
9160.00     -.105
9170.00     -.010
9180.00     -.035
9190.00     -.030
9200.00      .020
9210.00     -.095
9220.00     -.065
9230.00      .020
9240.00      .000
9250.00     -.075
9260.00      .000
9270.00     -.010
9280.00      .085
9290.00     -.060
9300.00     -.065
9310.00      .005
9320.00     -.030
9330.00     -.070
9340.00      .010
9350.00     -.010
9360.00     -.040
9370.00     -.035
9380.00     -.045
9390.00     -.065
9400.00      .080
9410.00     -.030
9420.00      .055
9430.00     -.010
9440.00     -.030
9450.00      .095
9460.00     -.015
9470.00     -.080
9480.00     -.025
9490.00     -.020
9500.00     -.055
9510.00     -.035
9520.00     -.005
9530.00     -.030
9540.00     -.090
9550.00     -.085
9560.00     -.060
9570.00     -.045
9580.00     -.040
9590.00     -.005
9600.00     -.035
9610.00     -.080
9620.00     -.025
9630.00     -.050
9640.00     -.055
9650.00      .090
9660.00     -.010
9670.00     -.030
9680.00     -.010
9690.00     -.050
9700.00     -.050
9710.00      .060
9720.00     -.070
9730.00     -.010
9740.00     -.035
9750.00     -.010
9760.00     -.035
9770.00     -.020
9780.00     -.055
9790.00     -.045
9800.00      .000
9810.00     -.070
9820.00     -.055
9830.00     -.025
9840.00     -.065
9850.00      .030
9860.00     -.030
9870.00     -.020
9880.00     -.105
9890.00      .015
9900.00     -.020
9910.00     -.080
9920.00     -.025
9930.00     -.065
9940.00     -.055
9950.00     -.030
9960.00     -.035
9970.00     -.070
9980.00     -.025
9990.00      .025
10000.00     -.065
10010.00      .020
10020.00     -.090
10030.00     -.030
10040.00     -.020
10050.00      .060
10060.00     -.055
10070.00      .030
10080.00     -.065
10090.00     -.060
10100.00     -.050
10110.00     -.040
10120.00     -.075
10130.00     -.060
10140.00     -.115
10150.00     -.020
10160.00     -.055
10170.00     -.020
10180.00      .000
10190.00     -.050
10200.00     -.070
10210.00     -.055
10220.00     -.015
10230.00     -.075
10240.00      .005
10250.00     -.025
10260.00     -.095
10270.00      .030
10280.00     -.085
10290.00     -.015
10300.00     -.055
10310.00     -.030
10320.00     -.060
10330.00     -.015
10340.00      .045
10350.00     -.030
10360.00      .035
10370.00     -.110
10380.00     -.005
10390.00     -.030
10400.00     -.005
10410.00      .000
10420.00     -.005
10430.00     -.085
10440.00     -.055
10450.00     -.110
10460.00      .010
10470.00     -.045
10480.00     -.070
10490.00     -.055
10500.00     -.035
10510.00     -.040
10520.00      .030
10530.00      .010
10540.00     -.005
10550.00     -.040
10560.00     -.005
10570.00     -.030
10580.00     -.050
10590.00     -.075
10600.00     -.070
10610.00     -.035
10620.00     -.060
10630.00     -.015
10640.00     -.070
10650.00      .095
10660.00      .030
10670.00     -.100
10680.00     -.035
10690.00     -.070
10700.00     -.045
10710.00     -.005
10720.00     -.035
10730.00     -.045
10740.00     -.005
10750.00     -.010
10760.00     -.115
10770.00     -.025
10780.00     -.015
10790.00     -.005
10800.00     -.020
10810.00     -.035
10820.00     -.040
10830.00     -.095
10840.00      .055
10850.00      .015
10860.00     -.025
10870.00     -.045
10880.00      .085
10890.00     -.070
10900.00     -.100
10910.00      .030
10920.00     -.035
10930.00      .045
10940.00      .000
10950.00     -.045
10960.00     -.085
10970.00     -.035
10980.00     -.135
10990.00     -.100
11000.00     -.025
11010.00     -.110
11020.00     -.030
11030.00      .000
11040.00      .005
11050.00     -.070
11060.00     -.105
11070.00     -.055
11080.00      .010
11090.00     -.160
11100.00     -.030
11110.00     -.080
11120.00      .010
11130.00     -.040
11140.00     -.030
11150.00     -.055
11160.00     -.050
11170.00     -.015
11180.00     -.100
11190.00      .015
11200.00     -.025
11210.00      .010
11220.00     -.015
11230.00     -.030
11240.00     -.025
11250.00     -.055
11260.00     -.065
11270.00     -.030
11280.00      .090
11290.00     -.050
11300.00     -.090
11310.00     -.080
11320.00      .030
11330.00      .020
11340.00     -.100
11350.00     -.075
11360.00     -.035
11370.00     -.075
11380.00      .020
11390.00     -.090
11400.00      .000
11410.00      .010
11420.00     -.005
11430.00     -.045
11440.00      .045
11450.00     -.055
11460.00      .020
11470.00     -.080
11480.00     -.195
11490.00      .065
11500.00      .020
11510.00      .000
11520.00      .035
11530.00      .005
11540.00     -.005
11550.00      .025
11560.00      .015
11570.00     -.010
11580.00      .000
11590.00     -.130
11600.00     -.095
11610.00     -.025
11620.00     -.065
11630.00     -.095
11640.00     -.035
11650.00     -.025
11660.00     -.010
11670.00     -.095
11680.00     -.035
11690.00     -.020
11700.00     -.020
11710.00      .085
11720.00     -.060
11730.00     -.100
11740.00     -.065
11750.00     -.015
11760.00     -.015
11770.00     -.020
11780.00     -.090
11790.00     -.040
11800.00      .005
11810.00      .000
11820.00      .045
11830.00     -.010
11840.00     -.015
11850.00     -.105
11860.00     -.105
11870.00     -.075
11880.00     -.100
11890.00     -.210
11900.00     -.170
11910.00      .030
11920.00     -.005
11930.00     -.060
11940.00     -.110
11950.00     -.060
11960.00     -.070
11970.00     -.030
11980.00      .005
11990.00     -.060
12000.00      .010