3437.496 0.0
3442.496 2.8206105E-4
3447.496 0.0011395771
3452.496 0.002010203
3457.496 0.002780385
3462.496 0.0036640584
3467.495 0.004530283
3472.496 0.004911168
3477.496 0.0048423405
3482.496 0.004854246
3487.496 0.0049332893
3492.496 0.004550217
3497.496 0.0043234853
3502.496 0.005940148
3507.496 0.008752
3512.496 0.009863124
3517.496 0.0094372
3522.495 0.010657733
3527.496 0.0135223875
3532.496 0.0148433335
3537.496 0.014460723
3542.496 0.015283151
3547.496 0.017964363
3552.496 0.020815821
3557.496 0.023206146
3562.495 0.02564293
3567.495 0.028177781
3572.496 0.030392444
3577.496 0.03271342
3582.496 0.03638199
3587.496 0.041483868
3592.496 0.046928145
3597.496 0.05195494
3602.496 0.056248788
3607.495 0.060933616
3612.495 0.06844508
3617.496 0.0787651
3622.496 0.089426816
3627.496 0.09939716
3632.496 0.109181255
3637.496 0.119235225
3642.496 0.12992851
3647.496 0.14230093
3652.496 0.15795884
3657.495 0.17603128
3662.496 0.19331707
3667.495 0.2104338
3672.496 0.23174824
3677.496 0.25756535
3682.496 0.28413168
3687.496 0.3115175
3692.496 0.34367993
3697.496 0.3819769
3702.496 0.42506093
3707.495 0.47312066
3712.495 0.52797735
3717.496 0.5914078
3722.496 0.66501856
3727.496 0.7492414
3732.496 0.8433104
3737.496 0.94576395
3742.496 1.0546899
3747.496 1.1725959
3752.495 1.3062714
3757.495 1.4591417
3762.495 1.6312
3767.495 1.8264942
3772.495 2.0530064
3777.495 2.3127067
3782.496 2.6016345
3787.496 2.921616
3792.496 3.2804444
3797.496 3.6840723
3802.495 4.1364756
3807.495 4.641607
3812.495 5.2033467
3817.496 5.8197513
3822.496 6.4831376
3827.496 7.187661
3832.496 7.929844
3837.496 8.712734
3842.495 9.545958
3847.495 10.442727
3852.495 11.419711
3857.495 12.491117
3862.495 13.66767
3867.495 14.933988
3872.496 16.247677
3877.496 17.541805
3882.496 18.72631
3887.496 19.716312
3892.496 20.435568
3897.495 20.865105
3902.495 21.0443
3907.495 21.053743
3912.495 21.012337
3917.495 21.032604
3922.495 21.21731
3927.496 21.629936
3932.496 22.29364
3937.496 23.197786
3942.495 24.29841
3947.495 25.52383
3952.495 26.775373
3957.495 27.94908
3962.495 28.938566
3967.495 29.677221
3972.496 30.140783
3977.496 30.361057
3982.496 30.424295
3987.495 30.42184
3992.495 30.44654
3997.495 30.563803
4002.495 30.8101
4007.495 31.189445
4012.495 31.673372
4017.496 32.204704
4022.496 32.69869
4027.496 33.064068
4032.496 33.206955
4037.496 33.094734
4042.495 32.756714
4047.495 32.23457
4052.495 31.581074
4057.495 30.878471
4062.496 30.2367
4067.496 29.736208
4072.496 29.42588
4077.496 29.334969
4082.495 29.4733
4087.495 29.824339
4092.495 30.345493
4097.495 30.982891
4102.495 31.671894
4107.495 32.33345
4112.495 32.87563
4117.495 33.23073
4122.495 33.35757
4127.496 33.25469
4132.496 32.959274
4137.495 32.51093
4142.495 31.951252
4147.495 31.353628
4152.495 30.821632
4157.496 30.426147
4162.496 30.203123
4167.496 30.167389
4172.496 30.313553
4177.495 30.622402
4182.495 31.06156
4187.495 31.591753
4192.495 32.16736
4197.495 32.740215
4202.496 33.260677
4207.496 33.69765
4212.496 34.03907
4217.496 34.28297
4222.496 34.437073
4227.496 34.518288
4232.495 34.55346
4237.495 34.59482
4242.495 34.717094
4247.495 34.937794
4252.495 35.216736
4257.495 35.526096
4262.496 35.852318
4267.496 36.168903
4272.495 36.435734
4277.495 36.6125
4282.495 36.659733
4287.495 36.55216
4292.495 36.27962
4297.495 35.854706
4302.495 35.312622
4307.495 34.700302
4312.496 34.075165
4317.495 33.48842
4322.495 32.984566
4327.495 32.606827
4332.495 32.395023
4337.495 32.336025
4342.495 32.366196
4347.495 32.477554
4352.495 32.71775
4357.495 33.083305
4362.495 33.517532
4367.495 33.97136
4372.495 34.40578
4377.495 34.784645
4382.495 35.074543
4387.495 35.254265
4392.495 35.315216
4397.495 35.262035
4402.496 35.112217
4407.495 34.887383
4412.495 34.61278
4417.495 34.31575
4422.495 34.02518
4427.495 33.761974
4432.495 33.538765
4437.495 33.360752
4442.495 33.225697
4447.495 33.122276
4452.495 33.03065
4457.495 32.936535
4462.496 32.83146
4467.495 32.705013
4472.495 32.54496
4477.495 32.348396
4482.495 32.12183
4487.495 31.872316
4492.495 31.607231
4497.495 31.33824
4502.495 31.081167
4507.495 30.8493
4512.495 30.653183
4517.495 30.502691
4522.495 30.40635
4527.495 30.355543
4532.495 30.326382
4537.495 30.33742
4542.495 30.447384
4547.495 30.647526
4552.495 30.861496
4557.495 31.050484
4562.495 31.215916
4567.495 31.354666
4572.495 31.457542
4577.495 31.523075
4582.495 31.557602
4587.495 31.563887
4592.495 31.540997
4597.495 31.492962
4602.495 31.428757
4607.495 31.352856
4612.495 31.265112
4617.495 31.16757
4622.495 31.0652
4627.495 30.973803
4632.495 30.917088
4637.495 30.853498
4642.495 30.680328
4647.495 30.397255
4652.495 30.106462
4657.495 29.851625
4662.495 29.613728
4667.495 29.382338
4672.495 29.158205
4677.495 28.940956
4682.495 28.728575
4687.495 28.51814
4692.495 28.30587
4697.495 28.087442
4702.495 27.857943
4707.495 27.610584
4712.495 27.337051
4717.495 27.036049
4722.495 26.712925
4727.495 26.36005
4732.495 25.95905
4737.495 25.549053
4742.495 25.223454
4747.495 24.99049
4752.495 24.773195
4757.495 24.547558
4762.495 24.34563
4767.495 24.183933
4772.495 24.06113
4777.495 23.978193
4782.495 23.938856
4787.495 23.939676
4792.495 23.969872
4797.495 24.01793
4802.495 24.071924
4807.495 24.120049
4812.495 24.150188
4817.495 24.1402
4822.495 24.057993
4827.495 23.87301
4832.495 23.556986
4837.495 23.08906
4842.495 22.45571
4847.495 21.64373
4852.495 20.640387
4857.495 19.44943
4862.495 18.091484
4867.495 16.601656
4872.495 15.029022
4877.495 13.427306
4882.495 11.853751
4887.495 10.353305
4892.495 8.957995
4897.495 7.6888695
4902.495 6.5562606
4907.495 5.561871
4912.495 4.6996536
4917.495 3.9615428
4922.495 3.3377693
4927.495 2.8157427
4932.495 2.3800988
4937.495 2.0148969
4942.495 1.7040675
4947.495 1.4384713
4952.495 1.2159215
4957.495 1.031478
4962.495 0.877245
4967.495 0.74700415
4972.495 0.63640577
4977.495 0.54254675
4982.495 0.4638498
4987.495 0.39784035
4992.495 0.34116134
4997.495 0.29212245
5002.495 0.25069433
5007.495 0.21615307
5012.495 0.18701302
5017.495 0.16225305
5022.495 0.14134471
5027.495 0.12364207
5032.495 0.10836587
5037.495 0.09485913
5042.495 0.08262303
5047.495 0.07182954
5052.495 0.063276395
5057.495 0.05676075
5062.495 0.051083513
5067.495 0.0457466
5072.495 0.040994134
5077.495 0.037021507
5082.495 0.03392469
5087.495 0.031374995
5092.495 0.028660752
5097.495 0.02592347
5102.495 0.02412235
5107.495 0.022987641
5112.495 0.021049412
5117.495 0.01831285
5122.495 0.01625637
5127.495 0.015114752
5132.495 0.013858634
5137.495 0.012460928
5142.495 0.0119029395
5147.495 0.012053145
5152.495 0.011661624
5157.495 0.010370215
5162.495 0.008763365
5167.495 0.007476371
5172.495 0.007111306
5177.495 0.0072789304
5182.495 0.0066587394
5187.495 0.0052781235
5192.495 0.0045048594
5197.495 0.004614057
5202.495 0.004755988
5207.495 0.004692329
5212.495 0.004818587
5217.495 0.004921313
5222.495 0.004194868
5227.495 0.0028530695
5232.495 0.002112456
5237.495 0.0022123517
5242.495 0.002391729
5247.495 0.0023497487
5252.495 0.0022843431
5257.495 0.0022781773
5262.495 0.0022783016
5267.495 0.0022625653
5272.495 0.0022451533
5277.495 0.0022320051
5282.495 0.0022193294
5287.495 0.0022055178
5292.495 0.0021915543
5297.495 0.0021779228
5302.495 0.0021644945
5307.495 0.0021510376
5312.495 0.002137277
5317.495 0.00212365
5322.495 0.002111193
5327.495 0.0020982844
5332.495 0.002081045
5337.495 0.0020655298
5342.495 0.0020663897
5347.495 0.0020652844
5352.495 0.00201547
5357.495 0.001984249
5362.495 0.0021359674
5367.495 0.0022154981
5372.495 0.0015807481
5377.495 4.343295E-4
5382.495 0.0
