3000.00     -.005
3010.00     -.005
3020.00     -.005
3030.00     -.005
3040.00     -.005
3050.00      .000
3060.00     -.005
3070.00     -.005
3080.00     -.005
3090.00     -.005
3100.00     -.010
3110.00     -.005
3120.00      .000
3130.00     -.005
3140.00      .000
3150.00     -.005
3160.00     -.005
3170.00      .000
3180.00     -.015
3190.00     -.015
3200.00     -.005
3210.00     -.005
3220.00     -.005
3230.00     -.005
3240.00     -.010
3250.00     -.005
3260.00     -.005
3270.00     -.005
3280.00     -.005
3290.00     -.005
3300.00     -.005
3310.00     -.005
3320.00     -.005
3330.00     -.005
3340.00     -.005
3350.00     -.005
3360.00     -.005
3370.00      .000
3380.00      .000
3390.00      .000
3400.00     -.010
3410.00      .000
3420.00     -.005
3430.00     -.005
3440.00     -.005
3450.00     -.005
3460.00     -.005
3470.00     -.005
3480.00     -.005
3490.00      .000
3500.00      .000
3510.00     -.005
3520.00     -.005
3530.00      .000
3540.00     -.005
3550.00      .000
3560.00     -.005
3570.00     -.005
3580.00      .000
3590.00     -.005
3600.00      .000
3610.00     -.010
3620.00     -.005
3630.00     -.005
3640.00     -.005
3650.00     -.005
3660.00     -.005
3670.00      .000
3680.00     -.005
3690.00     -.005
3700.00      .000
3710.00     -.005
3720.00      .000
3730.00      .000
3740.00     -.005
3750.00      .000
3760.00      .000
3770.00      .000
3780.00     -.015
3790.00     -.005
3800.00     -.005
3810.00     -.005
3820.00      .000
3830.00      .000
3840.00      .000
3850.00     -.005
3860.00     -.005
3870.00     -.005
3880.00     -.005
3890.00     -.005
3900.00     -.005
3910.00     -.005
3920.00     -.005
3930.00     -.005
3940.00     -.005
3950.00     -.005
3960.00     -.005
3970.00      .000
3980.00     -.005
3990.00     -.005
4000.00     -.005
4010.00     -.005
4020.00      .000
4030.00      .000
4040.00     -.005
4050.00      .000
4060.00     -.005
4070.00      .000
4080.00     -.005
4090.00     -.005
4100.00     -.005
4110.00     -.005
4120.00     -.005
4130.00      .000
4140.00     -.010
4150.00      .000
4160.00     -.005
4170.00     -.005
4180.00     -.005
4190.00      .000
4200.00     -.005
4210.00     -.005
4220.00     -.005
4230.00     -.005
4240.00     -.005
4250.00     -.005
4260.00     -.005
4270.00     -.005
4280.00     -.005
4290.00     -.005
4300.00     -.005
4310.00     -.005
4320.00      .000
4330.00     -.005
4340.00     -.005
4350.00      .000
4360.00     -.005
4370.00      .000
4380.00      .000
4390.00      .000
4400.00     -.005
4410.00     -.005
4420.00     -.005
4430.00     -.005
4440.00     -.005
4450.00     -.005
4460.00     -.005
4470.00     -.005
4480.00     -.005
4490.00     -.005
4500.00     -.005
4510.00     -.005
4520.00     -.005
4530.00     -.005
4540.00     -.005
4550.00     -.005
4560.00     -.005
4570.00     -.005
4580.00     -.005
4590.00      .000
4600.00     -.005
4610.00     -.005
4620.00      .000
4630.00     -.005
4640.00     -.005
4650.00     -.005
4660.00      .000
4670.00      .000
4680.00     -.005
4690.00      .000
4700.00      .000
4710.00     -.005
4720.00     -.005
4730.00     -.005
4740.00     -.005
4750.00     -.005
4760.00     -.005
4770.00      .000
4780.00     -.005
4790.00     -.010
4800.00     -.005
4810.00     -.005
4820.00     -.005
4830.00     -.005
4840.00     -.005
4850.00     -.005
4860.00     -.005
4870.00     -.005
4880.00     -.005
4890.00     -.005
4900.00     -.005
4910.00     -.005
4920.00     -.010
4930.00     -.005
4940.00     -.005
4950.00     -.005
4960.00     -.005
4970.00      .000
4980.00      .000
4990.00     -.005
5000.00     -.005
5010.00     -.005
5020.00      .000
5030.00     -.005
5040.00     -.005
5050.00     -.005
5060.00     -.005
5070.00     -.005
5080.00     -.005
5090.00     -.005
5100.00     -.010
5110.00      .000
5120.00     -.005
5130.00     -.005
5140.00     -.005
5150.00      .000
5160.00     -.005
5170.00     -.005
5180.00     -.005
5190.00     -.005
5200.00     -.005
5210.00      .000
5220.00     -.005
5230.00     -.005
5240.00     -.005
5250.00     -.005
5260.00      .000
5270.00     -.005
5280.00     -.005
5290.00     -.005
5300.00     -.005
5310.00     -.005
5320.00     -.005
5330.00     -.005
5340.00      .000
5350.00     -.005
5360.00     -.005
5370.00     -.005
5380.00     -.005
5390.00     -.005
5400.00     -.005
5410.00     -.005
5420.00     -.005
5430.00     -.005
5440.00     -.005
5450.00      .000
5460.00     -.005
5470.00     -.005
5480.00     -.005
5490.00      .000
5500.00     -.005
5510.00      .000
5520.00     -.005
5530.00      .000
5540.00     -.005
5550.00     -.005
5560.00     -.005
5570.00     -.005
5580.00     -.005
5590.00     -.005
5600.00      .000
5610.00     -.005
5620.00     -.005
5630.00     -.005
5640.00     -.005
5650.00     -.005
5660.00     -.005
5670.00     -.005
5680.00     -.005
5690.00     -.005
5700.00     -.005
5710.00      .000
5720.00     -.005
5730.00      .000
5740.00     -.005
5750.00     -.005
5760.00     -.005
5770.00     -.005
5780.00     -.005
5790.00     -.005
5800.00     -.005
5810.00     -.005
5820.00     -.005
5830.00     -.005
5840.00     -.005
5850.00     -.005
5860.00     -.005
5870.00      .000
5880.00     -.005
5890.00     -.005
5900.00     -.005
5910.00     -.005
5920.00     -.005
5930.00      .000
5940.00      .000
5950.00      .000
5960.00     -.005
5970.00     -.005
5980.00     -.005
5990.00     -.005
6000.00     -.005
6010.00     -.005
6020.00      .000
6030.00     -.005
6040.00     -.005
6050.00     -.005
6060.00     -.005
6070.00     -.005
6080.00     -.005
6090.00     -.005
6100.00     -.005
6110.00      .000
6120.00      .000
6130.00     -.005
6140.00     -.005
6150.00     -.005
6160.00     -.005
6170.00     -.005
6180.00     -.005
6190.00      .000
6200.00     -.005
6210.00     -.005
6220.00     -.005
6230.00     -.005
6240.00     -.005
6250.00     -.005
6260.00     -.005
6270.00     -.005
6280.00     -.005
6290.00     -.005
6300.00     -.005
6310.00     -.005
6320.00      .000
6330.00     -.005
6340.00     -.005
6350.00     -.005
6360.00     -.005
6370.00     -.005
6380.00     -.005
6390.00     -.005
6400.00     -.005
6410.00     -.005
6420.00      .000
6430.00      .000
6440.00     -.005
6450.00     -.005
6460.00     -.005
6470.00      .000
6480.00     -.005
6490.00     -.005
6500.00     -.005
6510.00     -.005
6520.00     -.005
6530.00     -.005
6540.00     -.005
6550.00      .000
6560.00     -.005
6570.00     -.005
6580.00     -.005
6590.00     -.005
6600.00     -.005
6610.00     -.005
6620.00     -.005
6630.00      .000
6640.00      .000
6650.00     -.005
6660.00      .000
6670.00     -.005
6680.00      .000
6690.00     -.005
6700.00      .000
6710.00      .000
6720.00     -.005
6730.00     -.005
6740.00      .000
6750.00     -.005
6760.00     -.005
6770.00     -.005
6780.00      .000
6790.00      .000
6800.00     -.005
6810.00     -.005
6820.00     -.005
6830.00      .000
6840.00     -.005
6850.00     -.005
6860.00     -.005
6870.00      .000
6880.00      .000
6890.00      .000
6900.00      .000
6910.00     -.005
6920.00      .000
6930.00      .005
6940.00      .010
6950.00      .020
6960.00      .040
6970.00      .070
6980.00      .120
6990.00      .195
7000.00      .310
7010.00      .480
7020.00      .700
7030.00     1.030
7040.00     1.450
7050.00     1.995
7060.00     2.670
7070.00     3.510
7080.00     4.505
7090.00     5.680
7100.00     7.075
7110.00     8.645
7120.00    10.415
7130.00    12.370
7140.00    14.490
7150.00    16.745
7160.00    19.145
7170.00    21.680
7180.00    24.335
7190.00    27.035
7200.00    29.875
7210.00    32.805
7220.00    35.605
7230.00    38.525
7240.00    41.515
7250.00    44.235
7260.00    47.125
7270.00    49.750
7280.00    52.530
7290.00    55.015
7300.00    57.600
7310.00    59.985
7320.00    62.175
7330.00    64.330
7340.00    66.460
7350.00    68.410
7360.00    70.275
7370.00    72.050
7380.00    73.770
7390.00    75.265
7400.00    76.915
7410.00    78.190
7420.00    79.380
7430.00    80.775
7440.00    81.745
7450.00    82.640
7460.00    83.705
7470.00    84.530
7480.00    85.530
7490.00    86.340
7500.00    86.800
7510.00    87.395
7520.00    88.100
7530.00    88.730
7540.00    89.255
7550.00    89.580
7560.00    90.050
7570.00    90.450
7580.00    90.690
7590.00    91.110
7600.00    91.390
7610.00    91.750
7620.00    91.915
7630.00    91.910
7640.00    92.270
7650.00    92.650
7660.00    92.655
7670.00    92.785
7680.00    93.075
7690.00    93.230
7700.00    93.305
7710.00    93.450
7720.00    93.575
7730.00    93.405
7740.00    93.660
7750.00    93.755
7760.00    93.575
7770.00    93.910
7780.00    93.895
7790.00    93.805
7800.00    93.845
7810.00    93.825
7820.00    93.930
7830.00    93.655
7840.00    93.865
7850.00    93.795
7860.00    93.660
7870.00    93.880
7880.00    93.870
7890.00    94.095
7900.00    93.725
7910.00    93.995
7920.00    93.885
7930.00    93.905
7940.00    93.875
7950.00    93.885
7960.00    94.095
7970.00    93.980
7980.00    93.875
7990.00    93.690
8000.00    94.155
8010.00    93.620
8020.00    93.710
8030.00    93.670
8040.00    93.815
8050.00    93.740
8060.00    93.725
8070.00    93.650
8080.00    93.675
8090.00    93.365
8100.00    93.460
8110.00    93.820
8120.00    93.550
8130.00    93.275
8140.00    93.555
8150.00    93.375
8160.00    93.055
8170.00    93.170
8180.00    93.370
8190.00    93.330
8200.00    93.075
8210.00    93.220
8220.00    92.780
8230.00    93.145
8240.00    93.120
8250.00    92.885
8260.00    92.790
8270.00    92.740
8280.00    92.640
8290.00    92.895
8300.00    92.865
8310.00    92.685
8320.00    92.595
8330.00    92.835
8340.00    92.615
8350.00    92.235
8360.00    92.400
8370.00    91.915
8380.00    92.370
8390.00    92.345
8400.00    92.195
8410.00    91.920
8420.00    91.925
8430.00    91.580
8440.00    91.430
8450.00    91.900
8460.00    91.875
8470.00    91.360
8480.00    91.315
8490.00    91.230
8500.00    91.770
8510.00    91.740
8520.00    90.770
8530.00    91.345
8540.00    91.005
8550.00    90.600
8560.00    90.870
8570.00    90.290
8580.00    90.735
8590.00    90.550
8600.00    89.945
8610.00    91.255
8620.00    91.155
8630.00    91.095
8640.00    90.960
8650.00    90.785
8660.00    90.765
8670.00    90.675
8680.00    90.585
8690.00    90.505
8700.00    90.420
8710.00    90.355
8720.00    90.180
8730.00    90.110
8740.00    90.025
8750.00    89.960
8760.00    89.870
8770.00    89.780
8780.00    89.645
8790.00    89.585
8800.00    89.485
8810.00    89.360
8820.00    89.235
8830.00    89.095
8840.00    89.010
8850.00    88.865
8860.00    88.755
8870.00    88.655
8880.00    88.505
8890.00    88.500
8900.00    88.315
8910.00    88.275
8920.00    88.110
8930.00    87.975
8940.00    87.900
8950.00    87.740
8960.00    87.640
8970.00    87.505
8980.00    87.430
8990.00    87.270
9000.00    87.125
9010.00    86.975
9020.00    86.755
9030.00    86.650
9040.00    86.490
9050.00    86.385
9060.00    86.255
9070.00    86.105
9080.00    85.995
9090.00    85.880
9100.00    85.715
9110.00    85.640
9120.00    85.490
9130.00    85.330
9140.00    85.155
9150.00    85.090
9160.00    84.930
9170.00    84.775
9180.00    84.600
9190.00    84.405
9200.00    84.305
9210.00    84.115
9220.00    84.005
9230.00    83.770
9240.00    83.630
9250.00    83.495
9260.00    83.305
9270.00    83.145
9280.00    82.985
9290.00    82.830
9300.00    82.685
9310.00    82.535
9320.00    82.315
9330.00    82.150
9340.00    81.895
9350.00    81.775
9360.00    81.655
9370.00    81.485
9380.00    81.285
9390.00    81.135
9400.00    80.930
9410.00    80.720
9420.00    80.500
9430.00    80.355
9440.00    80.150
9450.00    79.960
9460.00    79.755
9470.00    79.525
9480.00    79.305
9490.00    79.060
9500.00    78.870
9510.00    78.735
9520.00    78.430
9530.00    78.280
9540.00    78.050
9550.00    77.755
9560.00    77.665
9570.00    77.380
9580.00    77.230
9590.00    76.990
9600.00    76.690
9610.00    76.410
9620.00    76.130
9630.00    75.940
9640.00    75.745
9650.00    75.435
9660.00    75.180
9670.00    74.995
9680.00    74.745
9690.00    74.455
9700.00    74.195
9710.00    73.980
9720.00    73.695
9730.00    73.430
9740.00    73.135
9750.00    72.840
9760.00    72.620
9770.00    72.290
9780.00    72.065
9790.00    71.755
9800.00    71.445
9810.00    71.120
9820.00    70.810
9830.00    70.595
9840.00    70.240
9850.00    69.900
9860.00    69.610
9870.00    69.275
9880.00    68.920
9890.00    68.690
9900.00    68.330
9910.00    68.020
9920.00    67.730
9930.00    67.335
9940.00    66.925
9950.00    66.590
9960.00    66.320
9970.00    65.915
9980.00    65.585
9990.00    65.330
10000.00    64.880
10010.00    64.425
10020.00    64.015
10030.00    63.690
10040.00    63.315
10050.00    62.940
10060.00    62.480
10070.00    62.130
10080.00    61.750
10090.00    61.440
10100.00    61.005
10110.00    60.620
10120.00    60.175
10130.00    59.860
10140.00    59.440
10150.00    59.010
10160.00    58.555
10170.00    58.145
10180.00    57.745
10190.00    57.235
10200.00    56.855
10210.00    56.400
10220.00    55.915
10230.00    55.520
10240.00    55.095
10250.00    54.575
10260.00    54.145
10270.00    53.720
10280.00    53.245
10290.00    52.805
10300.00    52.345
10310.00    51.770
10320.00    51.300
10330.00    50.920
10340.00    50.465
10350.00    49.875
10360.00    49.380
10370.00    48.985
10380.00    48.485
10390.00    47.960
10400.00    47.495
10410.00    46.975
10420.00    46.425
10430.00    45.965
10440.00    45.455
10450.00    44.940
10460.00    44.480
10470.00    44.050
10480.00    43.495
10490.00    43.035
10500.00    42.490
10510.00    42.005
10520.00    41.525
10530.00    41.045
10540.00    40.535
10550.00    40.030
10560.00    39.505
10570.00    38.980
10580.00    38.455
10590.00    37.960
10600.00    37.475
10610.00    37.000
10620.00    36.400
10630.00    35.885
10640.00    35.365
10650.00    34.980
10660.00    34.410
10670.00    33.895
10680.00    33.425
10690.00    32.870
10700.00    32.400
10710.00    31.835
10720.00    31.370
10730.00    30.860
10740.00    30.355
10750.00    29.845
10760.00    29.420
10770.00    28.940
10780.00    28.425
10790.00    27.965
10800.00    27.435
10810.00    26.925
10820.00    26.525
10830.00    25.985
10840.00    25.500
10850.00    25.035
10860.00    24.610
10870.00    24.145
10880.00    23.765
10890.00    23.215
10900.00    22.775
10910.00    22.460
10920.00    22.015
10930.00    21.520
10940.00    21.060
10950.00    20.600
10960.00    20.240
10970.00    19.795
10980.00    19.340
10990.00    19.000
11000.00    18.540
11010.00    18.100
11020.00    17.730
11030.00    17.360
11040.00    16.920
11050.00    16.610
11060.00    16.195
11070.00    15.835
11080.00    15.365
11090.00    15.035
11100.00    14.775
11110.00    14.405
11120.00    14.020
11130.00    13.560
11140.00    13.275
11150.00    13.065
11160.00    12.645
11170.00    12.430
11180.00    12.035
11190.00    11.655
11200.00    11.410
11210.00    11.140
11220.00    10.750
11230.00    10.545
11240.00    10.170
11250.00    10.105
11260.00     9.675
11270.00     9.370
11280.00     9.135
11290.00     8.920
11300.00     8.705
11310.00     8.415
11320.00     8.195
11330.00     7.930
11340.00     7.755
11350.00     7.535
11360.00     7.240
11370.00     6.995
11380.00     6.905
11390.00     6.640
11400.00     6.320
11410.00     6.280
11420.00     6.000
11430.00     5.895
11440.00     5.715
11450.00     5.560
11460.00     5.335
11470.00     5.150
11480.00     5.000
11490.00     4.850
11500.00     4.715
11510.00     4.510
11520.00     4.290
11530.00     4.175
11540.00     4.180
11550.00     3.965
11560.00     3.750
11570.00     3.715
11580.00     3.510
11590.00     3.385
11600.00     3.345
11610.00     3.225
11620.00     3.045
11630.00     2.885
11640.00     2.895
11650.00     2.715
11660.00     2.585
11670.00     2.590
11680.00     2.510
11690.00     2.365
11700.00     2.235
11710.00     2.135
11720.00     2.215
11730.00     2.115
11740.00     2.065
11750.00     1.880
11760.00     1.850
11770.00     1.765
11780.00     1.750
11790.00     1.815
11800.00     1.590
11810.00     1.555
11820.00     1.515
11830.00     1.460
11840.00     1.400
11850.00     1.355
11860.00     1.260
11870.00     1.155
11880.00     1.050
11890.00      .890
11900.00      .920
11910.00      .945
11920.00      .980
11930.00      .995
11940.00      .940
11950.00      .940
11960.00      .855
11970.00      .940
11980.00      .800
11990.00      .760
12000.00      .800