2992.496 0.007927
2997.496 0.011963
3002.496 0.009116
3007.496 0.026733
3012.496 0.135202
3017.496 0.584347
3022.496 1.790483
3027.496 3.916760
3032.496 6.861814
3037.496 10.43602
3042.496 14.36485
3047.496 18.19032
3052.496 21.28361
3057.496 23.24053
3062.496 23.92993
3067.496 24.16478
3072.496 25.62806
3077.496 28.56980
3082.496 31.77763
3087.496 34.23716
3092.496 35.23583
3097.496 35.02087
3102.496 34.75953
3107.496 35.01128
3112.496 35.68814
3117.496 36.71092
3122.496 38.02477
3127.496 39.28575
3132.495 39.88233
3137.496 39.7133
3142.496 39.19145
3147.496 38.53707
3152.496 37.761
3157.496 36.99704
3162.496 36.50643
3167.496 36.44299
3172.496 36.84433
3177.495 37.67348
3182.496 38.82853
3187.496 40.30699
3192.496 42.17982
3197.496 43.85056
3202.496 44.09505
3207.496 42.67613
3212.496 40.3791
3217.496 38.17664
3222.496 37.15426
3227.496 37.70394
3232.496 39.50164
3237.496 41.80855
3242.496 43.53678
3247.496 44.39289
3252.496 44.8874
3257.496 45.40023
3262.496 46.13267
3267.496 46.98493
3272.495 47.57393
3277.496 47.74676
3282.496 47.59596
3287.496 47.28603
3292.496 47.03749
3297.496 46.95026
3302.496 47.00322
3307.496 47.22130
3312.496 47.6699
3317.496 48.1651
3322.495 48.27801
3327.496 47.71541
3332.495 46.34919
3337.496 44.47757
3342.496 42.80699
3347.496 41.79115
3352.496 41.59449
3357.496 41.95095
3362.496 42.18901
3367.496 41.92623
3372.496 41.1002
3377.496 39.95392
3382.496 39.01605
3387.496 38.67
3392.496 39.12821
3397.496 40.29462
3402.496 41.7698
3407.496 43.09955
3412.496 43.80119
3417.495 43.69220
3422.496 42.89788
3427.496 41.69692
3432.496 40.50349
3437.496 39.62729
3442.496 39.26002
3447.496 39.41711
3452.496 39.93995
3457.496 40.60273
3462.496 41.12450
3467.495 41.32518
3472.496 41.13474
3477.496 40.63799
3482.496 40.06817
3487.496 39.61870
3492.496 39.43252
3497.496 39.55481
3502.496 39.93347
3507.496 40.47676
3512.496 41.05824
3517.496 41.56358
3522.495 41.89586
3527.496 42.04009
3532.496 42.06331
3537.496 42.04951
3542.496 42.09503
3547.496 42.27181
3552.496 42.62545
3557.496 43.17177
3562.495 43.89465
3567.495 44.70664
3572.496 45.45178
3577.496 46.01395
3582.496 46.32133
3587.496 46.33715
3592.496 46.06268
3597.496 45.61331
3602.496 45.21471
3607.495 45.04410
3612.495 45.22049
3617.496 45.74337
3622.496 46.49382
3627.496 47.31778
3632.496 48.0327
3637.496 48.49064
3642.496 48.58624
3647.496 48.36962
3652.496 48.04369
3657.495 47.79308
3662.496 47.77231
3667.495 48.01737
3672.496 48.44541
3677.496 48.93787
3682.496 49.34750
3687.496 49.56924
3692.496 49.54451
3697.496 49.28578
3702.496 48.87439
3707.495 48.38906
3712.495 47.90069
3717.496 47.42550
3722.496 46.92852
3727.496 46.44739
3732.496 46.09193
3737.496 45.91030
3742.496 45.88712
3747.496 46.03474
3752.495 46.38860
3757.495 46.81476
3762.495 47.01266
3767.495 46.77334
3772.495 45.99447
3777.495 44.75105
3782.496 43.29102
3787.496 41.86622
3792.496 40.72353
3797.496 40.07864
3802.495 40.10677
3807.495 40.76891
3812.495 41.81125
3817.496 42.93092
3822.496 43.78413
3827.496 43.99845
3832.496 43.18359
3837.496 41.1561
3842.495 37.94762
3847.495 33.76274
3852.495 28.96951
3857.495 23.96460
3862.495 19.16036
3867.495 14.86203
3872.496 11.26142
3877.496 8.420361
3882.496 6.273613
3887.496 4.711383
3892.496 3.586032
3897.495 2.776440
3902.495 2.191083
3907.495 1.760466
3912.495 1.436568
3917.495 1.185882
3922.495 0.988677
3927.496 0.829767
3932.496 0.698060
3937.496 0.585947
3942.495 0.489206
3947.495 0.405444
3952.495 0.333977
3957.495 0.273847
3962.495 0.223759
3967.495 0.182357
3972.496 0.148269
3977.496 0.120682
3982.496 0.099320
3987.495 0.083410
3992.495 0.071650
3997.495 0.062653
4002.495 0.054998
4007.495 0.048102
4012.495 0.042216
4017.496 0.037616
4022.496 0.034526
4027.496 0.032395
4032.496 0.029966
4037.496 0.027458
4042.495 0.026509
4047.495 0.026805
4052.495 0.026087
4057.495 0.023715
4062.496 0.020752
4067.496 0.018372
4072.496 0.017706
4077.496 0.018034
4082.495 0.016892
4087.495 0.014325
4092.495 0.012869
4097.495 0.013072
4102.495 0.013419
4107.495 0.013313
4112.495 0.013160
4117.495 0.013127
4122.495 0.013107
4127.496 0.013054
4132.496 0.013001
4137.495 0.012956
4142.495 0.012898
4147.495 0.012824
4152.495 0.012748
4157.496 0.012676
4162.496 0.012605
4167.496 0.012534
4172.496 0.012462
4177.495 0.012391
4182.495 0.012319
4187.495 0.012249
4192.495 0.012178
4197.495 0.012107
4202.496 0.012037
4207.496 0.011965
4212.496 0.011894
4217.496 0.011823
4222.496 0.011753
4227.496 0.011683
4232.495 0.011610
4237.495 0.011539
4242.495 0.011480
4247.495 0.011435
4252.495 0.011392
4257.495 0.011345
4262.496 0.011297
4267.496 0.011251
4272.495 0.011205
4277.495 0.011158
4282.495 0.011112
4287.495 0.011065
4292.495 0.011019
4297.495 0.010973
4302.495 0.010926
4307.495 0.010881
4312.496 0.010836
4317.495 0.010790
4322.495 0.010743
4327.495 0.010697
4332.495 0.010656
4337.495 0.010613
4342.495 0.010549
4347.495 0.010464
4352.495 0.010378
4357.495 0.010297
4362.495 0.010217
4367.495 0.010136
4372.495 0.010055
4377.495 0.009974
4382.495 0.009894
4387.495 0.009814
4392.495 0.009735
4397.495 0.009656
4402.496 0.009577
4407.495 0.009498
4412.495 0.009419
4417.495 0.009340
4422.495 0.009262
4427.495 0.009184
4432.495 0.009107
4437.495 0.009029
4442.495 0.008953
4447.495 0.008877
4452.495 0.008802
4457.495 0.008726
4462.496 0.008651
4467.495 0.008577
4472.495 0.008502
4477.495 0.008428
4482.495 0.008355
4487.495 0.008281
4492.495 0.008208
4497.495 0.008136
4502.495 0.008063
4507.495 0.007991
4512.495 0.007919
4517.495 0.007847
4522.495 0.007777
4527.495 0.007707
4532.495 0.007633
4537.495 0.007560
4542.495 0.007505
4547.495 0.007467
4552.495 0.007431
4557.495 0.007390
4562.495 0.007348
4567.495 0.007308
4572.495 0.007271
4577.495 0.007232
4582.495 0.007182
4587.495 0.007136
4592.495 0.007136
4597.495 0.007117
4602.495 0.006931
4607.495 0.006839
4612.495 0.007507
4617.495 0.009265
4622.495 0.012081
4627.495 0.015656
4632.495 0.019445
4637.495 0.022986
4642.495 0.025905
4647.495 0.027571
4652.495 0.027149
4657.495 0.025034
4662.495 0.022817
4667.495 0.021041
4672.495 0.019167
4677.495 0.017269
4682.495 0.016061
4687.495 0.015933
4692.495 0.016903
4697.495 0.018502
4702.495 0.019938
4707.495 0.023767
4712.495 0.035441
4717.495 0.049721
4722.495 0.054734
4727.495 0.135082
4732.495 0.469998
4737.495 1.189709
4742.495 2.355044
4747.495 3.652444
4752.495 4.413527
4757.495 4.351264
4762.495 3.583778
4767.495 2.431051
4772.495 1.385918
4777.495 0.681176
4782.495 0.280168
4787.495 0.102470
4792.495 0.037391
4797.495 0.015325
4802.495 0.009635
4807.495 0.006871
4812.495 0.004970
4817.495 0.003418
4822.495 0.002728
4827.495 0.002817
4832.495 0.002985
4837.495 0.002956
4842.495 0.002902
4847.495 0.002903
4852.495 0.002929
4857.495 0.002933
4862.495 0.002864
4867.495 0.002828
4872.495 0.003056
4877.495 0.003178
4882.495 0.002271
