3000.00   -.005
3010.00   -.005
3020.00   -.005
3030.00   -.005
3040.00   -.005
3050.00   -.005
3060.00   -.005
3070.00   -.005
3080.00   -.005
3090.00   -.005
3100.00   -.005
3110.00   -.005
3120.00   -.005
3130.00   -.005
3140.00   -.005
3150.00   -.005
3160.00   -.005
3170.00   -.005
3180.00   -.010
3190.00   -.015
3200.00   -.005
3210.00   -.005
3220.00   -.005
3230.00   -.010
3240.00   -.005
3250.00   -.005
3260.00   -.005
3270.00   -.005
3280.00   -.005
3290.00   -.005
3300.00   -.005
3310.00   -.005
3320.00   -.005
3330.00   -.005
3340.00   -.005
3350.00   -.005
3360.00   -.005
3370.00   -.005
3380.00   -.005
3390.00   -.005
3400.00   -.005
3410.00   -.005
3420.00   -.005
3430.00   -.005
3440.00   -.005
3450.00   -.005
3460.00   -.005
3470.00   -.005
3480.00   -.005
3490.00   -.005
3500.00   -.005
3510.00   -.005
3520.00   -.005
3530.00   -.005
3540.00   -.005
3550.00   -.005
3560.00   -.005
3570.00   -.005
3580.00   -.005
3590.00   -.005
3600.00   -.005
3610.00   -.005
3620.00   -.005
3630.00   -.005
3640.00   -.005
3650.00   -.005
3660.00   -.005
3670.00   -.005
3680.00   -.005
3690.00   -.005
3700.00   -.005
3710.00   -.005
3720.00   -.005
3730.00   -.005
3740.00   -.005
3750.00   -.005
3760.00   -.005
3770.00   -.005
3780.00   -.015
3790.00   -.005
3800.00   -.005
3810.00   -.005
3820.00   -.005
3830.00   -.005
3840.00   -.005
3850.00   -.005
3860.00   -.005
3870.00   -.005
3880.00   -.005
3890.00   -.005
3900.00   -.005
3910.00   -.005
3920.00   -.005
3930.00   -.005
3940.00   -.005
3950.00   -.005
3960.00   -.005
3970.00   -.005
3980.00   -.005
3990.00   -.005
4000.00   -.005
4010.00   -.005
4020.00   -.005
4030.00   -.005
4040.00   -.005
4050.00   -.005
4060.00   -.005
4070.00   -.005
4080.00   -.005
4090.00   -.005
4100.00   -.005
4110.00   -.005
4120.00   -.005
4130.00   -.005
4140.00   -.005
4150.00   -.005
4160.00   -.005
4170.00   -.005
4180.00   -.005
4190.00   -.005
4200.00   -.005
4210.00   -.005
4220.00   -.005
4230.00   -.005
4240.00   -.005
4250.00   -.005
4260.00   -.005
4270.00   -.005
4280.00   -.005
4290.00   -.005
4300.00   -.005
4310.00   -.005
4320.00   -.005
4330.00   -.005
4340.00   -.005
4350.00   -.005
4360.00   -.005
4370.00   -.005
4380.00   -.005
4390.00   -.005
4400.00   -.005
4410.00   -.005
4420.00   -.005
4430.00   -.005
4440.00   -.010
4450.00   -.005
4460.00   -.005
4470.00   -.005
4480.00   -.005
4490.00   -.005
4500.00   -.005
4510.00   -.005
4520.00   -.005
4530.00   -.005
4540.00   -.005
4550.00   -.005
4560.00   -.005
4570.00   -.005
4580.00   -.005
4590.00   -.005
4600.00   -.005
4610.00   -.005
4620.00   -.005
4630.00   -.005
4640.00   -.005
4650.00   -.005
4660.00   -.005
4670.00   -.005
4680.00   -.005
4690.00   -.005
4700.00   -.005
4710.00   -.005
4720.00   -.005
4730.00   -.005
4740.00   -.005
4750.00   -.005
4760.00   -.005
4770.00   -.005
4780.00    .005
4790.00    .020
4800.00    .065
4810.00    .190
4820.00    .455
4830.00    .975
4840.00   1.880
4850.00   3.315
4860.00   5.375
4870.00   8.105
4880.00  11.565
4890.00  15.585
4900.00  20.125
4910.00  24.875
4920.00  29.660
4930.00  34.395
4940.00  38.860
4950.00  43.090
4960.00  46.870
4970.00  50.325
4980.00  53.455
4990.00  56.175
5000.00  58.585
5010.00  60.680
5020.00  62.510
5030.00  64.110
5040.00  65.480
5050.00  66.685
5060.00  67.690
5070.00  68.595
5080.00  69.345
5090.00  70.035
5100.00  70.600
5110.00  71.100
5120.00  71.545
5130.00  71.890
5140.00  72.220
5150.00  72.460
5160.00  72.685
5170.00  72.885
5180.00  72.975
5190.00  73.115
5200.00  73.170
5210.00  73.260
5220.00  73.305
5230.00  73.260
5240.00  73.290
5250.00  73.225
5260.00  73.160
5270.00  73.125
5280.00  73.000
5290.00  72.875
5300.00  72.670
5310.00  72.595
5320.00  72.410
5330.00  72.185
5340.00  71.965
5350.00  71.755
5360.00  71.500
5370.00  71.165
5380.00  70.905
5390.00  70.575
5400.00  70.240
5410.00  69.910
5420.00  69.445
5430.00  69.115
5440.00  68.730
5450.00  68.240
5460.00  67.745
5470.00  67.330
5480.00  66.790
5490.00  66.275
5500.00  65.715
5510.00  65.090
5520.00  64.555
5530.00  63.955
5540.00  63.300
5550.00  62.605
5560.00  61.935
5570.00  61.250
5580.00  60.515
5590.00  59.765
5600.00  58.965
5610.00  58.210
5620.00  57.305
5630.00  56.495
5640.00  55.670
5650.00  54.745
5660.00  53.905
5670.00  52.970
5680.00  52.095
5690.00  51.130
5700.00  50.165
5710.00  49.230
5720.00  48.220
5730.00  47.230
5740.00  46.250
5750.00  45.235
5760.00  44.175
5770.00  43.155
5780.00  42.095
5790.00  41.045
5800.00  39.995
5810.00  38.915
5820.00  37.875
5830.00  36.785
5840.00  35.740
5850.00  34.685
5860.00  33.645
5870.00  32.575
5880.00  31.535
5890.00  30.500
5900.00  29.440
5910.00  28.420
5920.00  27.400
5930.00  26.420
5940.00  25.390
5950.00  24.430
5960.00  23.485
5970.00  22.530
5980.00  21.580
5990.00  20.690
6000.00  19.760
6010.00  18.890
6020.00  18.020
6030.00  17.190
6040.00  16.365
6050.00  15.565
6060.00  14.800
6070.00  14.050
6080.00  13.325
6090.00  12.605
6100.00  11.925
6110.00  11.255
6120.00  10.640
6130.00  10.015
6140.00   9.425
6150.00   8.875
6160.00   8.320
6170.00   7.795
6180.00   7.315
6190.00   6.845
6200.00   6.400
6210.00   5.955
6220.00   5.550
6230.00   5.155
6240.00   4.795
6250.00   4.455
6260.00   4.120
6270.00   3.815
6280.00   3.520
6290.00   3.255
6300.00   3.000
6310.00   2.755
6320.00   2.535
6330.00   2.325
6340.00   2.130
6350.00   1.950
6360.00   1.780
6370.00   1.625
6380.00   1.475
6390.00   1.340
6400.00   1.215
6410.00   1.100
6420.00   1.000
6430.00    .905
6440.00    .810
6450.00    .730
6460.00    .660
6470.00    .595
6480.00    .530
6490.00    .475
6500.00    .425
6510.00    .380
6520.00    .340
6530.00    .305
6540.00    .265
6550.00    .240
6560.00    .210
6570.00    .185
6580.00    .160
6590.00    .145
6600.00    .125
6610.00    .110
6620.00    .095
6630.00    .080
6640.00    .070
6650.00    .060
6660.00    .050
6670.00    .045
6680.00    .040
6690.00    .035
6700.00    .030
6710.00    .025
6720.00    .025
6730.00    .015
6740.00    .015
6750.00    .010
6760.00    .010
6770.00    .010
6780.00    .005
6790.00    .005
6800.00    .000
6810.00    .000
6820.00    .000
6830.00    .000
6840.00    .000
6850.00    .000
6860.00    .000
6870.00    .000
6880.00    .000
6890.00    .000
6900.00    .000
6910.00   -.005
6920.00   -.005
6930.00    .000
6940.00    .000
6950.00    .000
6960.00   -.005
6970.00   -.005
6980.00   -.005
6990.00   -.005
7000.00   -.005
7010.00    .000
7020.00    .000
7030.00   -.005
7040.00   -.005
7050.00   -.005
7060.00   -.005
7070.00   -.005
7080.00   -.005
7090.00   -.005
7100.00   -.005
7110.00   -.005
7120.00   -.005
7130.00   -.005
7140.00    .000
7150.00   -.005
7160.00   -.005
7170.00   -.005
7180.00   -.005
7190.00   -.005
7200.00   -.005
7210.00   -.005
7220.00   -.005
7230.00   -.005
7240.00   -.005
7250.00   -.005
7260.00    .000
7270.00   -.005
7280.00   -.005
7290.00   -.005
7300.00   -.005
7310.00   -.005
7320.00   -.005
7330.00    .000
7340.00   -.005
7350.00   -.005
7360.00   -.005
7370.00   -.005
7380.00    .000
7390.00   -.005
7400.00   -.005
7410.00   -.005
7420.00    .000
7430.00   -.005
7440.00   -.005
7450.00   -.005
7460.00   -.005
7470.00   -.005
7480.00   -.005
7490.00   -.005
7500.00   -.005
7510.00   -.005
7520.00   -.005
7530.00   -.005
7540.00   -.005
7550.00    .000
7560.00   -.005
7570.00   -.005
7580.00   -.005
7590.00   -.005
7600.00   -.005
7610.00   -.005
7620.00   -.005
7630.00   -.005
7640.00    .000
7650.00   -.005
7660.00   -.005
7670.00   -.005
7680.00   -.005
7690.00   -.005
7700.00   -.005
7710.00    .000
7720.00   -.005
7730.00   -.005
7740.00   -.005
7750.00   -.005
7760.00   -.005
7770.00   -.005
7780.00   -.005
7790.00   -.005
7800.00   -.005
7810.00   -.005
7820.00   -.005
7830.00    .000
7840.00   -.005
7850.00   -.005
7860.00   -.005
7870.00   -.005
7880.00   -.005
7890.00   -.005
7900.00    .000
7910.00   -.005
7920.00   -.005
7930.00   -.005
7940.00    .000
7950.00    .000
7960.00   -.005
7970.00   -.005
7980.00   -.005
7990.00    .000
8000.00   -.005
8010.00    .000
8020.00    .000
8030.00    .000
8040.00   -.005
8050.00   -.005
8060.00    .000
8070.00    .000
8080.00    .000
8090.00    .000
8100.00    .005
8110.00    .000
8120.00    .000
8130.00   -.005
8140.00   -.005
8150.00    .000
8160.00    .000
8170.00    .000
8180.00    .000
8190.00    .000
8200.00    .000
8210.00    .000
8220.00    .000
8230.00   -.005
8240.00   -.005
8250.00   -.005
8260.00    .000
8270.00    .000
8280.00   -.005
8290.00   -.005
8300.00    .000
8310.00    .000
8320.00    .000
8330.00    .000
8340.00    .000
8350.00    .000
8360.00    .000
8370.00    .000
8380.00    .000
8390.00    .000
8400.00    .000
8410.00    .000
8420.00    .000
8430.00    .000
8440.00    .005
8450.00    .000
8460.00    .000
8470.00    .000
8480.00    .005
8490.00    .000
8500.00    .005
8510.00    .000
8520.00    .005
8530.00    .010
8540.00    .000
8550.00    .005
8560.00    .005
8570.00    .000
8580.00    .000
8590.00   -.005
8600.00    .000
8610.00    .000
8620.00    .005
8630.00   -.010
8640.00   -.070
8650.00   -.060
8660.00    .000
8670.00   -.010
8680.00    .010
8690.00   -.050
8700.00   -.045
8710.00    .065
8720.00   -.035
8730.00   -.050
8740.00    .005
8750.00   -.015
8760.00   -.015
8770.00    .010
8780.00   -.055
8790.00    .020
8800.00   -.040
8810.00   -.025
8820.00   -.055
8830.00    .015
8840.00   -.080
8850.00   -.015
8860.00   -.035
8870.00    .030
8880.00   -.050
8890.00   -.040
8900.00    .010
8910.00    .005
8920.00   -.020
8930.00   -.015
8940.00   -.055
8950.00    .025
8960.00   -.010
8970.00    .040
8980.00   -.060
8990.00   -.055
9000.00   -.035
9010.00   -.005
9020.00   -.045
9030.00   -.030
9040.00   -.025
9050.00   -.040
9060.00    .105
9070.00    .005
9080.00   -.050
9090.00   -.025
9100.00   -.010
9110.00    .020
9120.00   -.045
9130.00   -.010
9140.00   -.025
9150.00   -.035
9160.00   -.050
9170.00   -.015
9180.00    .010
9190.00   -.015
9200.00   -.030
9210.00    .100
9220.00   -.055
9230.00    .040
9240.00   -.010
9250.00   -.045
9260.00    .010
9270.00    .020
9280.00   -.030
9290.00   -.040
9300.00   -.045
9310.00   -.040
9320.00    .015
9330.00   -.060
9340.00   -.040
9350.00   -.080
9360.00   -.075
9370.00   -.065
9380.00   -.090
9390.00   -.025
9400.00   -.100
9410.00   -.045
9420.00   -.040
9430.00   -.020
9440.00   -.005
9450.00   -.010
9460.00   -.055
9470.00   -.025
9480.00    .010
9490.00   -.075
9500.00   -.005
9510.00   -.055
9520.00   -.005
9530.00   -.050
9540.00   -.035
9550.00   -.035
9560.00   -.060
9570.00   -.010
9580.00   -.025
9590.00   -.105
9600.00    .045
9610.00    .000
9620.00   -.030
9630.00    .015
9640.00   -.100
9650.00   -.095
9660.00    .050
9670.00   -.020
9680.00   -.035
9690.00    .040
9700.00   -.025
9710.00    .095
9720.00    .045
9730.00    .065
9740.00   -.035
9750.00    .030
9760.00    .020
9770.00    .030
9780.00   -.095
9790.00   -.035
9800.00    .135
9810.00   -.040
9820.00   -.125
9830.00   -.010
9840.00   -.030
9850.00   -.020
9860.00   -.025
9870.00    .010
9880.00   -.030
9890.00   -.035
9900.00   -.095
9910.00   -.020
9920.00   -.005
9930.00   -.010
9940.00   -.030
9950.00   -.025
9960.00   -.020
9970.00   -.040
9980.00    .025
9990.00   -.050
10000.00    .030
10010.00   -.030
10020.00    .010
10030.00   -.045
10040.00   -.070
10050.00    .055
10060.00   -.025
10070.00   -.050
10080.00   -.015
10090.00   -.050
10100.00    .040
10110.00   -.050
10120.00    .010
10130.00   -.030
10140.00    .015
10150.00   -.025
10160.00   -.090
10170.00    .035
10180.00    .010
10190.00   -.030
10200.00   -.020
10210.00    .010
10220.00   -.020
10230.00   -.035
10240.00   -.110
10250.00    .060
10260.00   -.025
10270.00   -.055
10280.00    .050
10290.00   -.065
10300.00   -.065
10310.00    .035
10320.00    .040
10330.00   -.015
10340.00   -.015
10350.00   -.100
10360.00   -.060
10370.00   -.045
10380.00   -.035
10390.00   -.065
10400.00   -.005
10410.00   -.020
10420.00   -.055
10430.00   -.020
10440.00    .000
10450.00   -.050
10460.00   -.060
10470.00   -.035
10480.00   -.090
10490.00    .030
10500.00   -.045
10510.00   -.045
10520.00   -.025
10530.00   -.010
10540.00   -.010
10550.00   -.065
10560.00   -.085
10570.00   -.010
10580.00   -.005
10590.00   -.030
10600.00   -.030
10610.00   -.050
10620.00    .020
10630.00   -.085
10640.00    .055
10650.00   -.070
10660.00    .005
10670.00   -.020
10680.00    .025
10690.00   -.030
10700.00   -.060
10710.00    .005
10720.00   -.040
10730.00   -.045
10740.00    .020
10750.00   -.050
10760.00   -.060
10770.00   -.040
10780.00   -.045
10790.00   -.025
10800.00    .015
10810.00    .025
10820.00   -.070
10830.00    .065
10840.00   -.045
10850.00   -.065
10860.00   -.150
10870.00    .080
10880.00   -.065
10890.00    .075
10900.00   -.075
10910.00   -.130
10920.00   -.050
10930.00    .050
10940.00   -.040
10950.00   -.050
10960.00   -.005
10970.00    .025
10980.00    .000
10990.00   -.025
11000.00   -.085
11010.00   -.075
11020.00   -.120
11030.00   -.015
11040.00   -.075
11050.00   -.025
11060.00   -.050
11070.00   -.030
11080.00    .095
11090.00   -.005
11100.00    .000
11110.00   -.070
11120.00   -.055
11130.00   -.015
11140.00    .010
11150.00   -.005
11160.00   -.100
11170.00    .120
11180.00   -.060
11190.00   -.045
11200.00    .000
11210.00    .000
11220.00    .015
11230.00   -.075
11240.00    .030
11250.00   -.055
11260.00   -.075
11270.00    .010
11280.00   -.015
11290.00   -.040
11300.00   -.065
11310.00   -.060
11320.00    .030
11330.00   -.035
11340.00   -.030
11350.00   -.040
11360.00   -.070
11370.00    .010
11380.00   -.035
11390.00   -.095
11400.00   -.080
11410.00    .005
11420.00    .020
11430.00    .000
11440.00   -.025
11450.00    .045
11460.00    .015
11470.00   -.010
11480.00    .065
11490.00    .020
11500.00    .005
11510.00   -.035
11520.00   -.075
11530.00   -.040
11540.00    .010
11550.00    .000
11560.00    .040
11570.00   -.020
11580.00   -.075
11590.00   -.085
11600.00   -.070
11610.00   -.060
11620.00   -.055
11630.00   -.050
11640.00   -.075
11650.00   -.090
11660.00   -.010
11670.00   -.065
11680.00   -.080
11690.00   -.015
11700.00   -.050
11710.00    .025
11720.00   -.120
11730.00    .060
11740.00   -.055
11750.00   -.010
11760.00    .025
11770.00   -.045
11780.00   -.035
11790.00   -.030
11800.00   -.105
11810.00    .095
11820.00    .040
11830.00   -.030
11840.00    .020
11850.00   -.015
11860.00   -.015
11870.00   -.045
11880.00   -.100
11890.00   -.210
11900.00   -.170
11910.00    .025
11920.00   -.105
11930.00   -.080
11940.00   -.050
11950.00   -.020
11960.00   -.050
11970.00   -.020
11980.00    .020
11990.00   -.015
12000.00    .030