4577.495 0.0
4582.495 8.513005E-4
4587.495 0.002822991
4592.495 0.003833789
4597.495 0.0036763381
4602.495 0.0034920278
4607.495 0.0035721674
4612.495 0.003340408
4617.495 0.003164011
4622.495 0.0043171146
4627.495 0.006355846
4632.495 0.007174339
4637.495 0.0068623293
4642.495 0.0076804464
4647.495 0.009659079
4652.495 0.010590912
4657.495 0.010268035
4662.495 0.01053358
4667.495 0.01218581
4672.495 0.014883334
4677.495 0.018159265
4682.495 0.021482375
4687.495 0.024588145
4692.495 0.027491655
4697.495 0.03044025
4702.495 0.033901084
4707.495 0.038334068
4712.495 0.04412348
4717.495 0.05031192
4722.495 0.054689124
4727.495 0.05707532
4732.495 0.05931882
4737.495 0.0619685
4742.495 0.06420316
4747.495 0.06560461
4752.495 0.06621836
4757.495 0.0661143
4762.495 0.06535758
4767.495 0.06381409
4772.495 0.061184593
4777.495 0.057955362
4782.495 0.05537006
4787.495 0.05386151
4792.495 0.053036157
4797.495 0.052900825
4802.495 0.053860124
4807.495 0.055432912
4812.495 0.05628039
4817.495 0.05609525
4822.495 0.055633053
4827.495 0.055499274
4832.495 0.056089826
4837.495 0.057494648
4842.495 0.059521288
4847.495 0.062309872
4852.495 0.066298254
4857.495 0.07082044
4862.495 0.07418182
4867.495 0.07669675
4872.495 0.08065509
4877.495 0.08654654
4882.495 0.09302848
4887.495 0.09999528
4892.495 0.10860361
4897.495 0.11876259
4902.495 0.12915447
4907.495 0.14022185
4912.495 0.15414163
4917.495 0.17136467
4922.495 0.19059072
4927.495 0.21169831
4932.495 0.23581742
4937.495 0.26399916
4942.495 0.2971342
4947.495 0.3355562
4952.495 0.37909788
4957.495 0.42905143
4962.495 0.4881505
4967.495 0.5582652
4972.495 0.640382
4977.495 0.7364703
4982.495 0.8495482
4987.495 0.98325694
4992.495 1.1418265
4997.495 1.3297282
5002.495 1.5517929
5007.495 1.8148036
5012.495 2.1274428
5017.495 2.4962528
5022.495 2.9255707
5027.495 3.420093
5032.495 3.984923
5037.495 4.624036
5042.495 5.3398476
5047.495 6.12674
5052.495 6.9707665
5057.495 7.8570156
5062.495 8.769768
5067.495 9.689855
5072.495 10.594825
5077.495 11.465145
5082.495 12.284638
5087.495 13.043734
5092.495 13.739418
5097.495 14.3719225
5102.495 14.944221
5107.495 15.461058
5112.495 15.928919
5117.495 16.35737
5122.495 16.75873
5127.495 17.13948
5132.495 17.500729
5137.495 17.85726
5142.495 18.236773
5147.495 18.641787
5152.495 19.049719
5157.495 19.450075
5162.495 19.845348
5167.495 20.233812
5172.495 20.608883
5177.495 20.96214
5182.495 21.283796
5187.495 21.56947
5192.495 21.820044
5197.495 22.030037
5202.495 22.18782
5207.495 22.290281
5212.495 22.342962
5217.495 22.349068
5222.495 22.309435
5227.495 22.232553
5232.495 22.13366
5237.495 22.00394
5242.495 21.81212
5247.495 21.56883
5252.495 21.326294
5257.495 21.106627
5262.495 20.900478
5267.495 20.708448
5272.495 20.542147
5277.495 20.405249
5282.495 20.29314
5287.495 20.203327
5292.495 20.135721
5297.495 20.08728
5302.495 20.051977
5307.495 20.025177
5312.495 20.003788
5317.495 19.985174
5322.495 19.96696
5327.495 19.943495
5332.495 19.906641
5337.495 19.866587
5342.495 19.85064
5347.495 19.856123
5352.495 19.850529
5357.495 19.82186
5362.495 19.7798
5367.495 19.730524
5372.495 19.675728
5377.495 19.616333
5382.495 19.552647
5387.495 19.484362
5392.495 19.410688
5397.495 19.332994
5402.495 19.25467
5407.495 19.175762
5412.495 19.093096
5417.495 19.008255
5422.495 18.927416
5427.495 18.849592
5432.495 18.76689
5437.495 18.680971
5442.495 18.602962
5447.495 18.534508
5452.495 18.467556
5457.495 18.39894
5462.495 18.330753
5467.495 18.263762
5472.495 18.197237
5477.495 18.131208
5482.495 18.066502
5487.495 18.003555
5492.495 17.942371
5497.495 17.883154
5502.495 17.826242
5507.495 17.769701
5512.495 17.709494
5517.495 17.645544
5522.495 17.581692
5527.495 17.519384
5532.495 17.457499
5537.495 17.395164
5542.495 17.33187
5547.495 17.266937
5552.495 17.1995
5557.495 17.1278
5562.495 17.049454
5567.495 16.967688
5572.495 16.891012
5577.495 16.820278
5582.495 16.748718
5587.495 16.674927
5592.495 16.60312
5597.495 16.5353
5602.495 16.471025
5607.495 16.410503
5612.495 16.354578
5617.495 16.302166
5622.495 16.250368
5627.495 16.199486
5632.495 16.152782
5637.494 16.10619
5642.495 16.048653
5647.495 15.979361
5652.495 15.907795
5657.495 15.837334
5662.494 15.764894
5667.495 15.689431
5672.495 15.612036
5677.494 15.530113
5682.495 15.4374
5687.495 15.330886
5692.495 15.211004
5697.495 15.079079
5702.495 14.937078
5707.495 14.784941
5712.495 14.620668
5717.495 14.445071
5722.495 14.261668
5727.495 14.068069
5732.494 13.856725
5737.495 13.639873
5742.495 13.448578
5747.495 13.287125
5752.495 13.132733
5757.495 12.975034
5762.495 12.817229
5767.495 12.661949
5772.494 12.510541
5777.495 12.359952
5782.495 12.202884
5787.495 12.033752
5792.495 11.848779
5797.495 11.641857
5802.495 11.404512
5807.494 11.128989
5812.494 10.808422
5817.494 10.439503
5822.494 10.022218
5827.495 9.553516
5832.495 9.02865
5837.495 8.477286
5842.495 7.960477
5847.495 7.468149
5852.495 6.9210534
5857.494 6.3163147
5862.494 5.7284813
5867.495 5.191503
5872.495 4.6954074
5877.495 4.2355227
5882.495 3.8142664
5887.495 3.4313693
5892.495 3.0835602
5897.495 2.7673888
5902.495 2.4794476
5907.494 2.2178984
5912.494 1.9825048
5917.495 1.7708657
5922.495 1.5784484
5927.495 1.4025071
5932.494 1.2421854
5937.495 1.0968628
5942.495 0.96605027
5947.495 0.8487444
5952.495 0.7434547
5957.495 0.64926785
5962.495 0.5658948
5967.495 0.4925737
5972.495 0.42807382
5977.495 0.3716452
5982.495 0.32301703
5987.495 0.28140473
5992.495 0.24550489
5997.495 0.21438138
6002.494 0.18748516
6007.495 0.16441153
6012.495 0.14485988
6017.495 0.12821238
6022.495 0.11355524
6027.494 0.10057149
6032.494 0.089538656
6037.494 0.08038627
6042.494 0.07267152
6047.494 0.06598511
6052.494 0.059976947
6057.494 0.054501932
6062.494 0.049619764
6067.495 0.045383345
6072.495 0.041824114
6077.495 0.038829833
6082.495 0.036153223
6087.494 0.033723533
6092.494 0.0316454
6097.494 0.029858282
6102.494 0.028134234
6107.494 0.0263481
6112.494 0.024491204
6117.494 0.022698622
6122.495 0.021232339
6127.495 0.020084376
