3000  17.8
3010  20.33
3020  22.74
3030  24.96
3040  27.14
3050  29.19
3060  31.23
3070  33.22
3080  35.21
3090  37.12
3100  39.04
3110  40.85
3120  42.65
3130  44.54
3140  46.76
3150  48.59
3160  50.19
3170  51.88
3180  53.49
3190  54.94
3200  56.45
3210  58.02
3220  59.33
3230  60.68
3240  61.97
3250  63.31
3260  64.45
3270  65.67
3280  66.69
3290  67.75
3300  68.74
3310  69.77
3320  70.57
3330  71.46
3340  72.36
3350  73.08
3360  73.87
3370  74.68
3380  75.35
3390  75.77
3400  76.27
3410  77
3420  77.51
3430  78.07
3440  78.57
3450  79.08
3460  79.48
3470  79.95
3480  80.34
3490  80.69
3500  81.07
3510  81.42
3520  81.68
3530  81.96
3540  82.22
3550  82.37
3560  82.64
3570  82.79
3580  82.87
3590  83.04
3600  83.1
3610  83.11
3620  83.11
3630  83.06
3640  82.93
3650  82.82
3660  82.68
3670  82.5
3680  82.09
3690  81.81
3700  81.36
3710  80.83
3720  80.27
3730  79.52
3740  78.79
3750  77.87
3760  76.96
3770  75.8
3780  74.55
3790  73.14
3800  71.63
3810  69.87
3820  67.95
3830  65.95
3840  63.67
3850  61.27
3860  58.65
3870  55.89
3880  53.07
3890  50.07
3900  46.89
3910  43.68
3920  40.45
3930  37.12
3940  33.82
3950  30.59
3960  27.43
3970  24.44
3980  21.54
3990  18.83
4000  16.35
4010  14.03
4020  11.95
4030  10.08
4040  8.431
4050  6.97
4060  5.722
4070  4.652
4080  3.758
4090  3.01
4100  2.391
4110  1.885
4120  1.474
4130  1.145
4140  0.9526
4150  0.7331
4160  0.5616
4170  0.428
4180  0.3257
4190  0.2486
4200  0.1883
4210  0.1424
4220  0.1079
4230  0.08136
4240  0.06202
4250  0.04695
4260  0.03573
4270  0.02752
4280  0.02069
4290  0.01619
4300  0.01255
4310  0.009742
4320  0.007445
4330  0.005912
4340  0.004606
4350  0.003679
4360  0.002927
4370  0.002409
4380  0.001976
4390  0.001644
4400  0.001332
4410  0.001124
4420  0.0009695
4430  0.0008107
4440  0.00071
4450  0.0006003
4460  0.0005763
4470  0.0005137
4480  0.0004286
4490  0.0004377
4500  0.0003904
4510  0.0003382
4520  0.00031
4530  0.0003047
4540  0.0002856
4550  0.0002855
4560  0.0003045
4570  0.0002789
4580  0.0003133
4590  0.0002728
4600  0.0002773
4610  0.0003112
4620  0.0003303
4630  0.0003494
4640  0.0003389
4650  0.000362
4660  0.0003613
4670  0.0004093
4680  0.0004082
4690  0.0004066
4700  0.0004587
4710  0.0005007
4720  0.0004846
4730  0.0005545
4740  0.0006055
4750  0.0006417
4760  0.0006634
4770  0.0006894
4780  0.0007108
4790  0.0007298
4800  0.0008113
4810  0.0008593
4820  0.0008918
4830  0.0009386
4840  0.0009811
4850  0.001008
4860  0.001041
4870  0.001053
4880  0.001086
4890  0.001147
4900  0.001149
4910  0.001185
4920  0.001237
4930  0.001297
4940  0.001299
4950  0.001322
4960  0.001361
4970  0.001408
4980  0.001408
4990  0.001416
5000  0.001448
5010  0.00144
5020  0.001508
5030  0.001484
5040  0.00148
5050  0.001455
5060  0.001491
5070  0.001432
5080  0.001426
5090  0.001396
5100  0.001409
5110  0.001364
5120  0.001392
5130  0.00133
5140  0.001366
5150  0.001352
5160  0.001308
5170  0.001312
5180  0.001292
5190  0.001293
5200  0.001263
5210  0.001245
5220  0.001197
5230  0.001203
5240  0.001222
5250  0.001208
5260  0.001186
5270  0.001181
5280  0.001268
5290  0.001218
5300  0.001191
5310  0.001254
5320  0.001293
5330  0.001258
5340  0.001345
5350  0.001388
5360  0.001463
5370  0.001506
5380  0.00167
5390  0.001675
5400  0.001838
5410  0.001992
5420  0.002128
5430  0.002222
5440  0.0025
5450  0.002628
5460  0.002902
5470  0.003103
5480  0.003418
5490  0.003848
5500  0.004103
5510  0.004482
5520  0.004923
5530  0.005428
5540  0.00592
5550  0.006323
5560  0.006789
5570  0.00727
5580  0.007663
5590  0.008013
5600  0.008271
5610  0.00846
5620  0.008647
5630  0.008704
5640  0.008759
5650  0.008591
5660  0.008332
5670  0.00815
5680  0.007749
5690  0.00754
5700  0.007085
5710  0.006489
5720  0.005967
5730  0.005462
5740  0.00494
5750  0.004443
5760  0.003929
5770  0.003407
5780  0.002993
5790  0.00258
5800  0.002154
5810  0.001796
5820  0.001555
5830  0.001317
5840  0.00114
5850  0.0009205
5860  0.0007824
5870  0.0006486
5880  0.000622
5890  0.0004559
5900  0.0003706
5910  0.0004177
5920  0.0003044
5930  0.0003268
5940  0.0003109
5950  0.0003021
5960  0.0002572
5970  0.0003511
5980  0.0003129
5990  0.0003094
6000  0.0003398
6010  0.0003402
6020  0.0003941
6030  0.000348
6040  0.0003682
6050  0.0003666
6060  0.0003455
6070  0.0003564
6080  0.0003866
6090  0.0003872
6100  0.000387
6110  0.000436
6120  0.0003777
6130  0.0003895
6140  0.0004153
6150  0.0004303
6160  0.0004029
6170  0.0003951
6180  0.0004415
6190  0.000397
6200  0.0003586
6210  0.0004128
6220  0.0003963
6230  0.0003796
6240  0.0003661
6250  0.0003661
6260  0.0003442
6270  0.0004029
6280  0.0003086
6290  0.000294
6300  0.0002851
6310  0.0002628
6320  0.0002281
6330  0.0002672
6340  0.0002701
6350  0.0001882
6360  0.0002195
6370  0.0001929
6380  0.0001621
6390  0.0001723
6400  0.0001737
6410  0.0001703
6420  0.0001325
6430  0.0001434
6440  0.0001471
6450  0.000136
6460  0.0001341
6470  0.0001479
6480  0.0001058
6490  0.0001811
6500  0.0001482
6510  0.0001833
6520  0.000139
6530  0.0002216
6540  0.0001814
6550  0.0002244
6560  0.0002504
6570  0.0002487
6580  0.0003099
6590  0.0003849
6600  0.000414
6610  0.0005009
6620  0.0006339
6630  0.0007572
6640  0.0008383
6650  0.00106
6660  0.001308
6670  0.001607
6680  0.002106
6690  0.002664
6700  0.003506
6710  0.00459
6720  0.00599
6730  0.007995
6740  0.01087
6750  0.01457
6760  0.01991
6770  0.02718
6780  0.03719
6790  0.05095
6800  0.07024
6810  0.09683
6820  0.132
6830  0.1805
6840  0.2457
6850  0.3325
6860  0.4493
6870  0.5973
6880  0.7883
6890  0.9322
6900  1.213
6910  1.55
6920  1.955
6930  2.441
6940  3.012
6950  3.658
6960  4.407
6970  5.25
6980  6.18
6990  7.213
7000  8.303
7010  9.497
7020  10.77
7030  12.09
7040  13.45
7050  14.87
7060  16.33
7070  17.81
7080  19.32
7090  20.79
7100  22.28
7110  23.74
7120  25.18
7130  26.59
7140  27.95
7150  29.24
7160  30.5
7170  31.69
7180  32.8
7190  33.85
7200  34.81
7210  35.74
7220  36.58
7230  37.37
7240  38.15
7250  38.84
7260  39.51
7270  40.18
7280  40.8
7290  41.45
7300  42.09
7310  42.76
7320  43.44
7330  44.1
7340  44.78
7350  45.44
7360  46.03
7370  46.59
7380  47.15
7390  47.68
7400  48.21
7410  48.58
7420  48.95
7430  49.24
7440  49.45
7450  49.62
7460  49.74
7470  49.77
7480  49.82
7490  49.72
7500  49.62
7510  49.4
7520  49.19
7530  48.91
7540  48.53
7550  48.15
7560  47.73
7570  47.21
7580  46.74
7590  46.17
7600  45.59
7610  44.96
7620  44.32
7630  43.68
7640  43.01
7650  42.36
7660  41.68
7670  41.04
7680  40.41
7690  39.78
7700  39.16
7710  38.58
7720  38.01
7730  37.49
7740  37
7750  36.58
7760  36.16
7770  35.74
7780  35.41
7790  35.04
7800  34.72
7810  34.41
7820  34.12
7830  33.82
7840  33.55
7850  33.27
7860  32.98
7870  32.74
7880  32.45
7890  32.16
7900  31.86
7910  31.58
7920  31.24
7930  30.93
7940  30.62
7950  30.26
7960  29.88
7970  29.6
7980  29.27
7990  28.88
8000  28.51
8010  28.17
8020  27.79
8030  27.43
8040  27.11
8050  26.74
8060  26.39
8070  26.04
8080  25.71
8090  25.37
8100  25.02
8110  24.69
8120  24.39
8130  24.06
8140  23.75
8150  23.45
8160  23.13
8170  22.79
8180  22.51
8190  22.25
8200  21.97
8210  21.65
8220  21.38
8230  21.11
8240  20.85
8250  20.58
8260  20.32
8270  20.04
8280  19.84
8290  19.57
8300  19.35
8310  19.09
8320  18.9
8330  18.63
8340  18.44
8350  18.21
8360  18.01
8370  17.78
8380  17.62
8390  17.43
8400  17.25
8410  17.05
8420  16.87
8430  16.67
8440  16.51
8450  16.33
8460  16.16
8470  16.02
8480  15.85
8490  15.7
8500  15.54
8510  15.41
8520  15.3
8530  15.1
8540  14.96
8550  14.85
8560  14.71
8570  14.59
8580  14.42
8590  14.33
8600  14.22
8610  14.07
8620  14
8630  13.79
8640  13.73
8650  13.65
8660  13.5
8680  13.37
8700  13.14
8720  12.96
8740  12.75
8760  12.56
8780  12.41
8800  12.22
8820  12.08
8840  11.9
8860  11.77
8880  11.62
8900  11.47
8920  11.34
8940  11.21
8960  11.1
8980  10.96
9000  10.86
9020  10.74
9040  10.63
9060  10.53
9080  10.44
9100  10.35
9120  10.26
9140  10.2
9160  10.12
9180  10.04
9200  9.979
9220  9.912
9240  9.857
9260  9.793
9280  9.744
9300  9.693
9320  9.655
9340  9.61
9360  9.57
9380  9.539
9400  9.508
9420  9.478
9440  9.455
9460  9.434
9480  9.411
9500  9.401
9520  9.393
9540  9.381
9560  9.373
9580  9.366
9600  9.355
9620  9.359
9640  9.357
9660  9.358
9680  9.356
9700  9.362
9720  9.364
9740  9.37
9760  9.374
9780  9.384
9800  9.389
9820  9.397
9840  9.403
9860  9.413
9880  9.418
9900  9.43
9920  9.435
9940  9.439
9960  9.441
9980  9.443
10000  9.444
10020  9.446
10040  9.448
10060  9.449
10080  9.444
10100  9.444
10120  9.439
10140  9.431
10160  9.423
10180  9.418
10200  9.401
10220  9.392
10240  9.38
10260  9.361
10280  9.347
10300  9.329
10320  9.305
10340  9.285
10360  9.258
10380  9.233
10400  9.203
10420  9.177
10440  9.141
10460  9.112
10480  9.079
10500  9.044
10520  9.004
10540  8.968
10560  8.923
10580  8.884
10600  8.841
10620  8.795
10640  8.75
10660  8.705
10680  8.654
10700  8.605
10720  8.556
10740  8.503
10760  8.455
10780  8.398
10800  8.347
10820  8.294
10840  8.237
10860  8.181
10880  8.123
10900  8.068
10920  8.01
10940  7.953
10960  7.898
10980  7.837
11000  7.775